ID,Predicted
0, 0.33
1, 0.37
2, 0.30
3, 0.37
4, 0.33
5, 0.30
6, 0.30
7, 0.37
8, 0.37
9, 0.43
10, 0.43
11, 0.33
12, 0.43
13, 0.40
14, 0.33
15, 0.43
16, 0.33
17, 0.40
18, 0.40
19, 0.37
20, 0.37
21, 0.37
22, 0.37
23, 0.37
24, 0.33
25, 0.40
26, 0.37
27, 0.40
28, 0.33
29, 0.37
30, 0.37
31, 0.40
32, 0.40
33, 0.27
34, 0.37
35, 0.27
36, 0.30
37, 0.40
38, 0.37
39, 0.47
40, 0.37
41, 0.30
42, 0.40
43, 0.33
44, 0.40
45, 0.37
46, 0.47
47, 0.40
48, 0.47
49, 0.33
50, 0.37
51, 0.37
52, 0.40
53, 0.37
54, 0.37
55, 0.37
56, 0.30
57, 0.43
58, 0.43
59, 0.33
60, 0.37
61, 0.37
62, 0.33
63, 0.37
64, 0.43
65, 0.43
66, 0.37
67, 0.43
68, 0.27
69, 0.43
70, 0.40
71, 0.37
72, 0.30
73, 0.43
74, 0.30
75, 0.27
76, 0.40
77, 0.37
78, 0.40
79, 0.33
80, 0.40
81, 0.40
82, 0.40
83, 0.37
84, 0.43
85, 0.40
86, 0.40
87, 0.37
88, 0.43
89, 0.40
90, 0.37
91, 0.33
92, 0.37
93, 0.40
94, 0.27
95, 0.47
96, 0.33
97, 0.37
98, 0.47
99, 0.37
100, 0.43
101, 0.40
102, 0.30
103, 0.47
104, 0.43
105, 0.43
106, 0.37
107, 0.27
108, 0.40
109, 0.40
110, 0.30
111, 0.33
112, 0.37
113, 0.40
114, 0.33
115, 0.40
116, 0.43
117, 0.33
118, 0.37
119, 0.33
120, 0.33
121, 0.40
122, 0.37
123, 0.37
124, 0.37
125, 0.37
126, 0.37
127, 0.37
128, 0.37
129, 0.33
130, 0.33
131, 0.37
132, 0.30
133, 0.50
134, 0.30
135, 0.37
136, 0.37
137, 0.33
138, 0.40
139, 0.37
140, 0.40
141, 0.33
142, 0.43
143, 0.37
144, 0.40
145, 0.33
146, 0.40
147, 0.40
148, 0.33
149, 0.37
150, 0.33
151, 0.40
152, 0.47
153, 0.33
154, 0.40
155, 0.40
156, 0.43
157, 0.37
158, 0.37
159, 0.33
160, 0.37
161, 0.37
162, 0.30
163, 0.47
164, 0.40
165, 0.43
166, 0.33
167, 0.43
168, 0.43
169, 0.40
170, 0.37
171, 0.40
172, 0.43
173, 0.40
174, 0.37
175, 0.40
176, 0.33
177, 0.30
178, 0.33
179, 0.37
180, 0.43
181, 0.40
182, 0.33
183, 0.30
184, 0.40
185, 0.40
186, 0.30
187, 0.30
188, 0.40
189, 0.37
190, 0.43
191, 0.53
192, 0.40
193, 0.40
194, 0.30
195, 0.40
196, 0.27
197, 0.37
198, 0.33
199, 0.33
200, 0.40
201, 0.33
202, 0.37
203, 0.30
204, 0.43
205, 0.40
206, 0.33
207, 0.37
208, 0.37
209, 0.40
210, 0.47
211, 0.40
212, 0.30
213, 0.40
214, 0.33
215, 0.40
216, 0.37
217, 0.37
218, 0.37
219, 0.27
220, 0.33
221, 0.33
222, 0.37
223, 0.37
224, 0.37
225, 0.37
226, 0.33
227, 0.33
228, 0.37
229, 0.37
230, 0.33
231, 0.43
232, 0.40
233, 0.37
234, 0.40
235, 0.37
236, 0.33
237, 0.33
238, 0.37
239, 0.47
240, 0.40
241, 0.37
242, 0.37
243, 0.37
244, 0.40
245, 0.37
246, 0.40
247, 0.33
248, 0.47
249, 0.40
250, 0.33
251, 0.37
252, 0.40
253, 0.37
254, 0.33
255, 0.40
256, 0.40
257, 0.33
258, 0.43
259, 0.37
260, 0.33
261, 0.40
262, 0.30
263, 0.33
264, 0.40
265, 0.43
266, 0.33
267, 0.37
268, 0.30
269, 0.43
270, 0.37
271, 0.33
272, 0.33
273, 0.47
274, 0.37
275, 0.37
276, 0.33
277, 0.37
278, 0.37
279, 0.40
280, 0.50
281, 0.40
282, 0.40
283, 0.40
284, 0.37
285, 0.47
286, 0.40
287, 0.43
288, 0.37
289, 0.37
290, 0.37
291, 0.37
292, 0.33
293, 0.33
294, 0.43
295, 0.40
296, 0.30
297, 0.33
298, 0.37
299, 0.37
300, 0.37
301, 0.37
302, 0.37
303, 0.40
304, 0.27
305, 0.33
306, 0.40
307, 0.37
308, 0.43
309, 0.40
310, 0.40
311, 0.40
312, 0.40
313, 0.40
314, 0.37
315, 0.30
316, 0.43
317, 0.37
318, 0.40
319, 0.37
320, 0.27
321, 0.40
322, 0.33
323, 0.30
324, 0.43
325, 0.37
326, 0.40
327, 0.37
328, 0.37
329, 0.37
330, 0.43
331, 0.37
332, 0.37
333, 0.33
334, 0.40
335, 0.37
336, 0.43
337, 0.43
338, 0.37
339, 0.43
340, 0.40
341, 0.43
342, 0.33
343, 0.33
344, 0.33
345, 0.37
346, 0.40
347, 0.23
348, 0.37
349, 0.37
350, 0.37
351, 0.43
352, 0.40
353, 0.40
354, 0.47
355, 0.33
356, 0.47
357, 0.40
358, 0.37
359, 0.40
360, 0.30
361, 0.40
362, 0.33
363, 0.50
364, 0.43
365, 0.40
366, 0.37
367, 0.37
368, 0.37
369, 0.37
370, 0.40
371, 0.40
372, 0.43
373, 0.33
374, 0.33
375, 0.43
376, 0.40
377, 0.40
378, 0.43
379, 0.43
380, 0.43
381, 0.27
382, 0.37
383, 0.37
384, 0.47
385, 0.33
386, 0.33
387, 0.33
388, 0.40
389, 0.43
390, 0.37
391, 0.40
392, 0.40
393, 0.40
394, 0.33
395, 0.37
396, 0.40
397, 0.37
398, 0.40
399, 0.40
400, 0.40
401, 0.33
402, 0.43
403, 0.40
404, 0.33
405, 0.43
406, 0.37
407, 0.43
408, 0.37
409, 0.30
410, 0.37
411, 0.40
412, 0.37
413, 0.37
414, 0.30
415, 0.37
416, 0.37
417, 0.43
418, 0.37
419, 0.27
420, 0.43
421, 0.37
422, 0.43
423, 0.37
424, 0.40
425, 0.33
426, 0.40
427, 0.40
428, 0.40
429, 0.33
430, 0.30
431, 0.27
432, 0.37
433, 0.30
434, 0.40
435, 0.43
436, 0.33
437, 0.33
438, 0.33
439, 0.33
440, 0.33
441, 0.40
442, 0.33
443, 0.37
444, 0.40
445, 0.43
446, 0.33
447, 0.37
448, 0.43
449, 0.37
450, 0.37
451, 0.40
452, 0.33
453, 0.43
454, 0.40
455, 0.37
456, 0.43
457, 0.33
458, 0.33
459, 0.40
460, 0.40
461, 0.33
462, 0.40
463, 0.37
464, 0.40
465, 0.40
466, 0.23
467, 0.37
468, 0.37
469, 0.33
470, 0.33
471, 0.43
472, 0.30
473, 0.30
474, 0.33
475, 0.33
476, 0.33
477, 0.33
478, 0.33
479, 0.37
480, 0.37
481, 0.50
482, 0.33
483, 0.37
484, 0.40
485, 0.37
486, 0.33
487, 0.43
488, 0.40
489, 0.50
490, 0.27
491, 0.37
492, 0.33
493, 0.40
494, 0.33
495, 0.37
496, 0.40
497, 0.33
498, 0.37
499, 0.37
500, 0.47
501, 0.37
502, 0.30
503, 0.27
504, 0.37
505, 0.50
506, 0.37
507, 0.33
508, 0.33
509, 0.40
510, 0.40
511, 0.43
512, 0.37
513, 0.43
514, 0.40
515, 0.40
516, 0.37
517, 0.40
518, 0.33
519, 0.37
520, 0.33
521, 0.37
522, 0.40
523, 0.47
524, 0.30
525, 0.40
526, 0.40
527, 0.33
528, 0.33
529, 0.47
530, 0.33
531, 0.40
532, 0.30
533, 0.43
534, 0.37
535, 0.40
536, 0.37
537, 0.37
538, 0.40
539, 0.43
540, 0.43
541, 0.37
542, 0.43
543, 0.47
544, 0.33
545, 0.37
546, 0.40
547, 0.33
548, 0.40
549, 0.40
550, 0.33
551, 0.30
552, 0.33
553, 0.37
554, 0.37
555, 0.40
556, 0.30
557, 0.40
558, 0.43
559, 0.30
560, 0.43
561, 0.27
562, 0.33
563, 0.43
564, 0.30
565, 0.40
566, 0.37
567, 0.40
568, 0.37
569, 0.40
570, 0.40
571, 0.40
572, 0.33
573, 0.33
574, 0.40
575, 0.40
576, 0.37
577, 0.40
578, 0.40
579, 0.43
580, 0.47
581, 0.53
582, 0.37
583, 0.33
584, 0.30
585, 0.47
586, 0.37
587, 0.43
588, 0.40
589, 0.37
590, 0.30
591, 0.33
592, 0.33
593, 0.40
594, 0.30
595, 0.37
596, 0.37
597, 0.43
598, 0.33
599, 0.40
600, 0.37
601, 0.43
602, 0.40
603, 0.37
604, 0.43
605, 0.40
606, 0.37
607, 0.30
608, 0.40
609, 0.37
610, 0.37
611, 0.33
612, 0.40
613, 0.37
614, 0.40
615, 0.40
616, 0.37
617, 0.33
618, 0.30
619, 0.40
620, 0.37
621, 0.40
622, 0.40
623, 0.47
624, 0.37
625, 0.33
626, 0.33
627, 0.37
628, 0.40
629, 0.33
630, 0.40
631, 0.43
632, 0.33
633, 0.33
634, 0.37
635, 0.37
636, 0.40
637, 0.37
638, 0.33
639, 0.30
640, 0.33
641, 0.40
642, 0.37
643, 0.37
644, 0.43
645, 0.43
646, 0.37
647, 0.37
648, 0.37
649, 0.40
650, 0.37
651, 0.40
652, 0.37
653, 0.43
654, 0.30
655, 0.37
656, 0.33
657, 0.40
658, 0.33
659, 0.37
660, 0.37
661, 0.37
662, 0.33
663, 0.40
664, 0.43
665, 0.47
666, 0.33
667, 0.43
668, 0.40
669, 0.30
670, 0.30
671, 0.37
672, 0.33
673, 0.37
674, 0.40
675, 0.47
676, 0.40
677, 0.47
678, 0.33
679, 0.40
680, 0.37
681, 0.37
682, 0.30
683, 0.30
684, 0.37
685, 0.33
686, 0.43
687, 0.40
688, 0.37
689, 0.47
690, 0.43
691, 0.33
692, 0.33
693, 0.40
694, 0.40
695, 0.33
696, 0.27
697, 0.37
698, 0.43
699, 0.37
700, 0.33
701, 0.40
702, 0.37
703, 0.33
704, 0.37
705, 0.43
706, 0.33
707, 0.37
708, 0.40
709, 0.40
710, 0.43
711, 0.40
712, 0.30
713, 0.30
714, 0.37
715, 0.37
716, 0.37
717, 0.33
718, 0.43
719, 0.37
720, 0.33
721, 0.33
722, 0.30
723, 0.40
724, 0.37
725, 0.33
726, 0.37
727, 0.43
728, 0.30
729, 0.33
730, 0.37
731, 0.37
732, 0.37
733, 0.43
734, 0.30
735, 0.43
736, 0.43
737, 0.37
738, 0.43
739, 0.37
740, 0.30
741, 0.33
742, 0.40
743, 0.40
744, 0.37
745, 0.33
746, 0.43
747, 0.40
748, 0.37
749, 0.47
750, 0.33
751, 0.40
752, 0.43
753, 0.33
754, 0.30
755, 0.30
756, 0.43
757, 0.33
758, 0.30
759, 0.33
760, 0.30
761, 0.43
762, 0.30
763, 0.40
764, 0.33
765, 0.47
766, 0.37
767, 0.33
768, 0.30
769, 0.43
770, 0.40
771, 0.33
772, 0.40
773, 0.37
774, 0.33
775, 0.37
776, 0.47
777, 0.37
778, 0.43
779, 0.43
780, 0.33
781, 0.37
782, 0.37
783, 0.33
784, 0.40
785, 0.37
786, 0.37
787, 0.37
788, 0.40
789, 0.37
790, 0.33
791, 0.30
792, 0.37
793, 0.40
794, 0.27
795, 0.37
796, 0.40
797, 0.40
798, 0.43
799, 0.43
800, 0.37
801, 0.43
802, 0.43
803, 0.43
804, 0.33
805, 0.33
806, 0.33
807, 0.37
808, 0.37
809, 0.33
810, 0.37
811, 0.40
812, 0.33
813, 0.37
814, 0.33
815, 0.30
816, 0.47
817, 0.40
818, 0.33
819, 0.40
820, 0.43
821, 0.33
822, 0.37
823, 0.40
824, 0.40
825, 0.33
826, 0.33
827, 0.43
828, 0.43
829, 0.40
830, 0.37
831, 0.30
832, 0.30
833, 0.40
834, 0.33
835, 0.33
836, 0.37
837, 0.37
838, 0.33
839, 0.40
840, 0.37
841, 0.43
842, 0.33
843, 0.37
844, 0.40
845, 0.33
846, 0.40
847, 0.33
848, 0.40
849, 0.40
850, 0.43
851, 0.33
852, 0.40
853, 0.37
854, 0.37
855, 0.33
856, 0.37
857, 0.40
858, 0.33
859, 0.37
860, 0.47
861, 0.40
862, 0.40
863, 0.33
864, 0.37
865, 0.33
866, 0.43
867, 0.37
868, 0.37
869, 0.30
870, 0.37
871, 0.40
872, 0.40
873, 0.40
874, 0.40
875, 0.43
876, 0.43
877, 0.37
878, 0.30
879, 0.37
880, 0.43
881, 0.33
882, 0.30
883, 0.37
884, 0.40
885, 0.47
886, 0.40
887, 0.40
888, 0.33
889, 0.37
890, 0.43
891, 0.40
892, 0.37
893, 0.33
894, 0.33
895, 0.30
896, 0.40
897, 0.37
898, 0.40
899, 0.33
900, 0.33
901, 0.40
902, 0.43
903, 0.43
904, 0.33
905, 0.43
906, 0.37
907, 0.43
908, 0.43
909, 0.37
910, 0.37
911, 0.40
912, 0.37
913, 0.33
914, 0.33
915, 0.43
916, 0.37
917, 0.40
918, 0.37
919, 0.47
920, 0.37
921, 0.40
922, 0.40
923, 0.33
924, 0.37
925, 0.40
926, 0.40
927, 0.37
928, 0.37
929, 0.37
930, 0.37
931, 0.43
932, 0.37
933, 0.33
934, 0.37
935, 0.40
936, 0.43
937, 0.43
938, 0.33
939, 0.40
940, 0.47
941, 0.33
942, 0.37
943, 0.37
944, 0.37
945, 0.33
946, 0.40
947, 0.40
948, 0.37
949, 0.33
950, 0.40
951, 0.37
952, 0.33
953, 0.43
954, 0.43
955, 0.43
956, 0.40
957, 0.40
958, 0.40
959, 0.37
960, 0.43
961, 0.27
962, 0.33
963, 0.30
964, 0.37
965, 0.40
966, 0.43
967, 0.33
968, 0.30
969, 0.43
970, 0.40
971, 0.33
972, 0.43
973, 0.37
974, 0.40
975, 0.33
976, 0.40
977, 0.43
978, 0.37
979, 0.47
980, 0.40
981, 0.33
982, 0.40
983, 0.37
984, 0.40
985, 0.40
986, 0.30
987, 0.37
988, 0.37
989, 0.43
990, 0.33
991, 0.37
992, 0.37
993, 0.33
994, 0.40
995, 0.37
996, 0.33
997, 0.37
998, 0.37
999, 0.40
1000, 0.37
1001, 0.40
1002, 0.40
1003, 0.40
1004, 0.37
1005, 0.40
1006, 0.40
1007, 0.40
1008, 0.37
1009, 0.27
1010, 0.47
1011, 0.40
1012, 0.30
1013, 0.43
1014, 0.30
1015, 0.33
1016, 0.40
1017, 0.37
1018, 0.40
1019, 0.40
1020, 0.37
1021, 0.33
1022, 0.30
1023, 0.43
1024, 0.37
1025, 0.37
1026, 0.40
1027, 0.37
1028, 0.40
1029, 0.33
1030, 0.33
1031, 0.33
1032, 0.40
1033, 0.33
1034, 0.43
1035, 0.40
1036, 0.43
1037, 0.33
1038, 0.40
1039, 0.37
1040, 0.47
1041, 0.37
1042, 0.40
1043, 0.40
1044, 0.27
1045, 0.40
1046, 0.40
1047, 0.33
1048, 0.37
1049, 0.43
1050, 0.40
1051, 0.43
1052, 0.33
1053, 0.30
1054, 0.33
1055, 0.40
1056, 0.37
1057, 0.27
1058, 0.40
1059, 0.40
1060, 0.37
1061, 0.33
1062, 0.37
1063, 0.27
1064, 0.30
1065, 0.37
1066, 0.33
1067, 0.37
1068, 0.43
1069, 0.40
1070, 0.43
1071, 0.50
1072, 0.27
1073, 0.40
1074, 0.40
1075, 0.30
1076, 0.33
1077, 0.37
1078, 0.30
1079, 0.37
1080, 0.33
1081, 0.40
1082, 0.27
1083, 0.40
1084, 0.40
1085, 0.30
1086, 0.40
1087, 0.43
1088, 0.40
1089, 0.40
1090, 0.37
1091, 0.37
1092, 0.40
1093, 0.37
1094, 0.43
1095, 0.33
1096, 0.37
1097, 0.40
1098, 0.47
1099, 0.33
1100, 0.37
1101, 0.40
1102, 0.37
1103, 0.40
1104, 0.40
1105, 0.33
1106, 0.37
1107, 0.33
1108, 0.30
1109, 0.37
1110, 0.40
1111, 0.47
1112, 0.40
1113, 0.40
1114, 0.37
1115, 0.33
1116, 0.43
1117, 0.37
1118, 0.40
1119, 0.43
1120, 0.33
1121, 0.33
1122, 0.47
1123, 0.47
1124, 0.30
1125, 0.33
1126, 0.40
1127, 0.43
1128, 0.40
1129, 0.33
1130, 0.43
1131, 0.33
1132, 0.33
1133, 0.33
1134, 0.37
1135, 0.37
1136, 0.40
1137, 0.43
1138, 0.33
1139, 0.43
1140, 0.33
1141, 0.33
1142, 0.30
1143, 0.40
1144, 0.33
1145, 0.30
1146, 0.37
1147, 0.30
1148, 0.43
1149, 0.40
1150, 0.40
1151, 0.43
1152, 0.40
1153, 0.40
1154, 0.37
1155, 0.37
1156, 0.40
1157, 0.40
1158, 0.37
1159, 0.37
1160, 0.33
1161, 0.40
1162, 0.33
1163, 0.37
1164, 0.40
1165, 0.30
1166, 0.37
1167, 0.37
1168, 0.37
1169, 0.43
1170, 0.33
1171, 0.33
1172, 0.40
1173, 0.37
1174, 0.37
1175, 0.43
1176, 0.43
1177, 0.47
1178, 0.43
1179, 0.33
1180, 0.37
1181, 0.37
1182, 0.33
1183, 0.40
1184, 0.37
1185, 0.43
1186, 0.43
1187, 0.37
1188, 0.37
1189, 0.43
1190, 0.37
1191, 0.47
1192, 0.40
1193, 0.37
1194, 0.33
1195, 0.33
1196, 0.40
1197, 0.33
1198, 0.37
1199, 0.43
1200, 0.40
1201, 0.40
1202, 0.40
1203, 0.37
1204, 0.37
1205, 0.40
1206, 0.33
1207, 0.37
1208, 0.37
1209, 0.30
1210, 0.50
1211, 0.40
1212, 0.40
1213, 0.37
1214, 0.40
1215, 0.37
1216, 0.33
1217, 0.33
1218, 0.40
1219, 0.37
1220, 0.33
1221, 0.33
1222, 0.37
1223, 0.33
1224, 0.43
1225, 0.37
1226, 0.40
1227, 0.37
1228, 0.40
1229, 0.43
1230, 0.43
1231, 0.37
1232, 0.40
1233, 0.37
1234, 0.40
1235, 0.37
1236, 0.40
1237, 0.33
1238, 0.33
1239, 0.43
1240, 0.37
1241, 0.33
1242, 0.43
1243, 0.33
1244, 0.37
1245, 0.40
1246, 0.37
1247, 0.37
1248, 0.40
1249, 0.37
1250, 0.27
1251, 0.37
1252, 0.37
1253, 0.37
1254, 0.40
1255, 0.33
1256, 0.37
1257, 0.40
1258, 0.33
1259, 0.27
1260, 0.40
1261, 0.37
1262, 0.33
1263, 0.33
1264, 0.40
1265, 0.40
1266, 0.33
1267, 0.37
1268, 0.40
1269, 0.37
1270, 0.40
1271, 0.37
1272, 0.33
1273, 0.37
1274, 0.43
1275, 0.40
1276, 0.40
1277, 0.33
1278, 0.37
1279, 0.47
1280, 0.37
1281, 0.33
1282, 0.40
1283, 0.40
1284, 0.40
1285, 0.30
1286, 0.40
1287, 0.37
1288, 0.40
1289, 0.47
1290, 0.37
1291, 0.37
1292, 0.47
1293, 0.40
1294, 0.40
1295, 0.40
1296, 0.40
1297, 0.33
1298, 0.50
1299, 0.33
1300, 0.40
1301, 0.30
1302, 0.40
1303, 0.47
1304, 0.37
1305, 0.37
1306, 0.43
1307, 0.37
1308, 0.30
1309, 0.43
1310, 0.43
1311, 0.37
1312, 0.37
1313, 0.43
1314, 0.43
1315, 0.37
1316, 0.43
1317, 0.33
1318, 0.33
1319, 0.37
1320, 0.27
1321, 0.37
1322, 0.33
1323, 0.33
1324, 0.30
1325, 0.40
1326, 0.40
1327, 0.37
1328, 0.33
1329, 0.40
1330, 0.33
1331, 0.40
1332, 0.33
1333, 0.43
1334, 0.40
1335, 0.37
1336, 0.30
1337, 0.33
1338, 0.33
1339, 0.43
1340, 0.40
1341, 0.40
1342, 0.37
1343, 0.37
1344, 0.37
1345, 0.37
1346, 0.37
1347, 0.43
1348, 0.37
1349, 0.33
1350, 0.30
1351, 0.37
1352, 0.33
1353, 0.40
1354, 0.37
1355, 0.37
1356, 0.37
1357, 0.37
1358, 0.37
1359, 0.40
1360, 0.43
1361, 0.40
1362, 0.40
1363, 0.47
1364, 0.43
1365, 0.37
1366, 0.40
1367, 0.33
1368, 0.30
1369, 0.43
1370, 0.40
1371, 0.30
1372, 0.40
1373, 0.33
1374, 0.30
1375, 0.47
1376, 0.27
1377, 0.30
1378, 0.30
1379, 0.37
1380, 0.47
1381, 0.33
1382, 0.37
1383, 0.40
1384, 0.40
1385, 0.33
1386, 0.40
1387, 0.30
1388, 0.37
1389, 0.40
1390, 0.40
1391, 0.43
1392, 0.33
1393, 0.43
1394, 0.33
1395, 0.43
1396, 0.33
1397, 0.30
1398, 0.33
1399, 0.33
1400, 0.33
1401, 0.43
1402, 0.47
1403, 0.40
1404, 0.37
1405, 0.37
1406, 0.40
1407, 0.37
1408, 0.37
1409, 0.37
1410, 0.40
1411, 0.33
1412, 0.37
1413, 0.33
1414, 0.33
1415, 0.40
1416, 0.40
1417, 0.33
1418, 0.33
1419, 0.43
1420, 0.37
1421, 0.40
1422, 0.33
1423, 0.37
1424, 0.40
1425, 0.37
1426, 0.40
1427, 0.43
1428, 0.40
1429, 0.37
1430, 0.33
1431, 0.40
1432, 0.40
1433, 0.47
1434, 0.40
1435, 0.37
1436, 0.47
1437, 0.37
1438, 0.40
1439, 0.37
1440, 0.37
1441, 0.40
1442, 0.43
1443, 0.40
1444, 0.37
1445, 0.37
1446, 0.37
1447, 0.30
1448, 0.43
1449, 0.40
1450, 0.43
1451, 0.43
1452, 0.50
1453, 0.37
1454, 0.33
1455, 0.40
1456, 0.33
1457, 0.37
1458, 0.33
1459, 0.37
1460, 0.43
1461, 0.33
1462, 0.33
1463, 0.37
1464, 0.40
1465, 0.37
1466, 0.43
1467, 0.33
1468, 0.40
1469, 0.40
1470, 0.40
1471, 0.33
1472, 0.43
1473, 0.40
1474, 0.33
1475, 0.37
1476, 0.27
1477, 0.33
1478, 0.33
1479, 0.33
1480, 0.37
1481, 0.30
1482, 0.40
1483, 0.37
1484, 0.40
1485, 0.40
1486, 0.33
1487, 0.37
1488, 0.37
1489, 0.33
1490, 0.37
1491, 0.37
1492, 0.37
1493, 0.37
1494, 0.47
1495, 0.47
1496, 0.33
1497, 0.33
1498, 0.37
1499, 0.40
1500, 0.37
1501, 0.30
1502, 0.40
1503, 0.27
1504, 0.47
1505, 0.40
1506, 0.37
1507, 0.40
1508, 0.40
1509, 0.37
1510, 0.40
1511, 0.27
1512, 0.37
1513, 0.40
1514, 0.43
1515, 0.37
1516, 0.37
1517, 0.30
1518, 0.47
1519, 0.33
1520, 0.40
1521, 0.37
1522, 0.27
1523, 0.33
1524, 0.37
1525, 0.43
1526, 0.33
1527, 0.37
1528, 0.33
1529, 0.37
1530, 0.43
1531, 0.37
1532, 0.33
1533, 0.43
1534, 0.37
1535, 0.27
1536, 0.33
1537, 0.40
1538, 0.43
1539, 0.33
1540, 0.27
1541, 0.37
1542, 0.37
1543, 0.40
1544, 0.37
1545, 0.33
1546, 0.47
1547, 0.33
1548, 0.40
1549, 0.37
1550, 0.27
1551, 0.43
1552, 0.40
1553, 0.33
1554, 0.33
1555, 0.40
1556, 0.40
1557, 0.40
1558, 0.33
1559, 0.33
1560, 0.30
1561, 0.37
1562, 0.33
1563, 0.40
1564, 0.37
1565, 0.30
1566, 0.43
1567, 0.33
1568, 0.40
1569, 0.37
1570, 0.37
1571, 0.37
1572, 0.40
1573, 0.40
1574, 0.30
1575, 0.40
1576, 0.47
1577, 0.43
1578, 0.40
1579, 0.40
1580, 0.30
1581, 0.40
1582, 0.50
1583, 0.37
1584, 0.37
1585, 0.43
1586, 0.37
1587, 0.47
1588, 0.40
1589, 0.33
1590, 0.40
1591, 0.37
1592, 0.37
1593, 0.40
1594, 0.33
1595, 0.30
1596, 0.40
1597, 0.40
1598, 0.43
1599, 0.37
1600, 0.37
1601, 0.40
1602, 0.30
1603, 0.37
1604, 0.33
1605, 0.33
1606, 0.40
1607, 0.37
1608, 0.40
1609, 0.37
1610, 0.43
1611, 0.33
1612, 0.30
1613, 0.37
1614, 0.40
1615, 0.43
1616, 0.40
1617, 0.30
1618, 0.37
1619, 0.43
1620, 0.37
1621, 0.37
1622, 0.33
1623, 0.37
1624, 0.37
1625, 0.40
1626, 0.43
1627, 0.40
1628, 0.37
1629, 0.33
1630, 0.37
1631, 0.40
1632, 0.30
1633, 0.40
1634, 0.40
1635, 0.30
1636, 0.30
1637, 0.40
1638, 0.33
1639, 0.37
1640, 0.37
1641, 0.47
1642, 0.37
1643, 0.40
1644, 0.50
1645, 0.30
1646, 0.30
1647, 0.37
1648, 0.40
1649, 0.40
1650, 0.33
1651, 0.33
1652, 0.37
1653, 0.43
1654, 0.37
1655, 0.37
1656, 0.33
1657, 0.37
1658, 0.43
1659, 0.43
1660, 0.37
1661, 0.40
1662, 0.40
1663, 0.37
1664, 0.37
1665, 0.40
1666, 0.40
1667, 0.33
1668, 0.40
1669, 0.40
1670, 0.43
1671, 0.43
1672, 0.37
1673, 0.43
1674, 0.37
1675, 0.33
1676, 0.33
1677, 0.40
1678, 0.37
1679, 0.33
1680, 0.43
1681, 0.30
1682, 0.50
1683, 0.37
1684, 0.30
1685, 0.37
1686, 0.40
1687, 0.40
1688, 0.37
1689, 0.40
1690, 0.37
1691, 0.33
1692, 0.43
1693, 0.37
1694, 0.40
1695, 0.30
1696, 0.37
1697, 0.43
1698, 0.33
1699, 0.23
1700, 0.37
1701, 0.37
1702, 0.37
1703, 0.43
1704, 0.40
1705, 0.40
1706, 0.37
1707, 0.40
1708, 0.40
1709, 0.43
1710, 0.43
1711, 0.43
1712, 0.33
1713, 0.37
1714, 0.30
1715, 0.37
1716, 0.33
1717, 0.33
1718, 0.37
1719, 0.30
1720, 0.30
1721, 0.37
1722, 0.37
1723, 0.27
1724, 0.33
1725, 0.40
1726, 0.37
1727, 0.30
1728, 0.40
1729, 0.37
1730, 0.37
1731, 0.33
1732, 0.40
1733, 0.43
1734, 0.33
1735, 0.40
1736, 0.37
1737, 0.33
1738, 0.37
1739, 0.40
1740, 0.40
1741, 0.37
1742, 0.40
1743, 0.33
1744, 0.43
1745, 0.33
1746, 0.33
1747, 0.43
1748, 0.30
1749, 0.40
1750, 0.37
1751, 0.33
1752, 0.33
1753, 0.43
1754, 0.37
1755, 0.43
1756, 0.50
1757, 0.27
1758, 0.37
1759, 0.33
1760, 0.33
1761, 0.40
1762, 0.30
1763, 0.33
1764, 0.37
1765, 0.40
1766, 0.37
1767, 0.37
1768, 0.30
1769, 0.40
1770, 0.37
1771, 0.40
1772, 0.43
1773, 0.33
1774, 0.37
1775, 0.43
1776, 0.40
1777, 0.37
1778, 0.40
1779, 0.33
1780, 0.30
1781, 0.40
1782, 0.40
1783, 0.33
1784, 0.33
1785, 0.37
1786, 0.30
1787, 0.37
1788, 0.43
1789, 0.43
1790, 0.37
1791, 0.37
1792, 0.40
1793, 0.37
1794, 0.30
1795, 0.43
1796, 0.30
1797, 0.40
1798, 0.30
1799, 0.43
1800, 0.33
1801, 0.33
1802, 0.40
1803, 0.33
1804, 0.33
1805, 0.40
1806, 0.43
1807, 0.40
1808, 0.43
1809, 0.43
1810, 0.43
1811, 0.37
1812, 0.33
1813, 0.37
1814, 0.40
1815, 0.30
1816, 0.37
1817, 0.37
1818, 0.40
1819, 0.43
1820, 0.30
1821, 0.33
1822, 0.43
1823, 0.33
1824, 0.40
1825, 0.43
1826, 0.33
1827, 0.43
1828, 0.33
1829, 0.40
1830, 0.37
1831, 0.37
1832, 0.33
1833, 0.43
1834, 0.43
1835, 0.37
1836, 0.37
1837, 0.43
1838, 0.30
1839, 0.37
1840, 0.37
1841, 0.37
1842, 0.30
1843, 0.47
1844, 0.33
1845, 0.37
1846, 0.37
1847, 0.40
1848, 0.40
1849, 0.30
1850, 0.33
1851, 0.43
1852, 0.43
1853, 0.30
1854, 0.37
1855, 0.40
1856, 0.47
1857, 0.33
1858, 0.37
1859, 0.40
1860, 0.33
1861, 0.43
1862, 0.37
1863, 0.37
1864, 0.47
1865, 0.30
1866, 0.33
1867, 0.37
1868, 0.33
1869, 0.47
1870, 0.33
1871, 0.47
1872, 0.43
1873, 0.37
1874, 0.40
1875, 0.43
1876, 0.43
1877, 0.33
1878, 0.43
1879, 0.40
1880, 0.37
1881, 0.33
1882, 0.40
1883, 0.27
1884, 0.30
1885, 0.37
1886, 0.37
1887, 0.37
1888, 0.40
1889, 0.37
1890, 0.37
1891, 0.40
1892, 0.30
1893, 0.37
1894, 0.33
1895, 0.40
1896, 0.47
1897, 0.43
1898, 0.37
1899, 0.33
1900, 0.47
1901, 0.37
1902, 0.43
1903, 0.30
1904, 0.37
1905, 0.37
1906, 0.37
1907, 0.37
1908, 0.40
1909, 0.43
1910, 0.43
1911, 0.27
1912, 0.40
1913, 0.40
1914, 0.37
1915, 0.40
1916, 0.43
1917, 0.40
1918, 0.30
1919, 0.33
1920, 0.33
1921, 0.43
1922, 0.40
1923, 0.40
1924, 0.40
1925, 0.33
1926, 0.40
1927, 0.37
1928, 0.40
1929, 0.33
1930, 0.43
1931, 0.37
1932, 0.33
1933, 0.37
1934, 0.33
1935, 0.30
1936, 0.33
1937, 0.37
1938, 0.37
1939, 0.43
1940, 0.33
1941, 0.47
1942, 0.40
1943, 0.40
1944, 0.47
1945, 0.33
1946, 0.33
1947, 0.33
1948, 0.33
1949, 0.37
1950, 0.37
1951, 0.43
1952, 0.43
1953, 0.37
1954, 0.40
1955, 0.40
1956, 0.40
1957, 0.40
1958, 0.40
1959, 0.40
1960, 0.33
1961, 0.43
1962, 0.43
1963, 0.40
1964, 0.37
1965, 0.30
1966, 0.40
1967, 0.33
1968, 0.40
1969, 0.33
1970, 0.33
1971, 0.40
1972, 0.37
1973, 0.40
1974, 0.40
1975, 0.40
1976, 0.40
1977, 0.40
1978, 0.40
1979, 0.33
1980, 0.27
1981, 0.47
1982, 0.40
1983, 0.43
1984, 0.30
1985, 0.30
1986, 0.33
1987, 0.37
1988, 0.30
1989, 0.37
1990, 0.40
1991, 0.33
1992, 0.37
1993, 0.33
1994, 0.40
1995, 0.37
1996, 0.33
1997, 0.40
1998, 0.40
1999, 0.30
2000, 0.40
2001, 0.30
2002, 0.40
2003, 0.27
2004, 0.37
2005, 0.33
2006, 0.37
2007, 0.40
2008, 0.40
2009, 0.37
2010, 0.37
2011, 0.33
2012, 0.47
2013, 0.43
2014, 0.40
2015, 0.40
2016, 0.37
2017, 0.37
2018, 0.37
2019, 0.37
2020, 0.37
2021, 0.30
2022, 0.43
2023, 0.40
2024, 0.37
2025, 0.37
2026, 0.33
2027, 0.37
2028, 0.37
2029, 0.40
2030, 0.43
2031, 0.40
2032, 0.40
2033, 0.40
2034, 0.40
2035, 0.40
2036, 0.43
2037, 0.37
2038, 0.37
2039, 0.33
2040, 0.30
2041, 0.37
2042, 0.33
2043, 0.33
2044, 0.30
2045, 0.33
2046, 0.40
2047, 0.37
2048, 0.37
2049, 0.37
2050, 0.37
2051, 0.33
2052, 0.43
2053, 0.40
2054, 0.37
2055, 0.37
2056, 0.40
2057, 0.27
2058, 0.33
2059, 0.37
2060, 0.43
2061, 0.43
2062, 0.37
2063, 0.37
2064, 0.37
2065, 0.43
2066, 0.37
2067, 0.40
2068, 0.37
2069, 0.40
2070, 0.40
2071, 0.23
2072, 0.33
2073, 0.33
2074, 0.33
2075, 0.37
2076, 0.33
2077, 0.40
2078, 0.40
2079, 0.37
2080, 0.33
2081, 0.33
2082, 0.33
2083, 0.40
2084, 0.33
2085, 0.37
2086, 0.40
2087, 0.37
2088, 0.37
2089, 0.40
2090, 0.47
2091, 0.30
2092, 0.33
2093, 0.37
2094, 0.37
2095, 0.40
2096, 0.40
2097, 0.40
2098, 0.40
2099, 0.30
2100, 0.37
2101, 0.37
2102, 0.30
2103, 0.37
2104, 0.33
2105, 0.40
2106, 0.30
2107, 0.37
2108, 0.40
2109, 0.40
2110, 0.37
2111, 0.43
2112, 0.37
2113, 0.30
2114, 0.40
2115, 0.33
2116, 0.40
2117, 0.37
2118, 0.40
2119, 0.43
2120, 0.37
2121, 0.33
2122, 0.40
2123, 0.30
2124, 0.33
2125, 0.33
2126, 0.43
2127, 0.40
2128, 0.37
2129, 0.37
2130, 0.33
2131, 0.37
2132, 0.33
2133, 0.37
2134, 0.40
2135, 0.40
2136, 0.37
2137, 0.33
2138, 0.33
2139, 0.43
2140, 0.33
2141, 0.33
2142, 0.37
2143, 0.40
2144, 0.33
2145, 0.33
2146, 0.33
2147, 0.30
2148, 0.40
2149, 0.37
2150, 0.37
2151, 0.30
2152, 0.40
2153, 0.33
2154, 0.33
2155, 0.40
2156, 0.33
2157, 0.37
2158, 0.33
2159, 0.30
2160, 0.33
2161, 0.43
2162, 0.37
2163, 0.33
2164, 0.37
2165, 0.33
2166, 0.37
2167, 0.40
2168, 0.37
2169, 0.37
2170, 0.40
2171, 0.43
2172, 0.37
2173, 0.40
2174, 0.47
2175, 0.40
2176, 0.33
2177, 0.37
2178, 0.33
2179, 0.37
2180, 0.37
2181, 0.40
2182, 0.43
2183, 0.33
2184, 0.37
2185, 0.40
2186, 0.40
2187, 0.40
2188, 0.33
2189, 0.33
2190, 0.37
2191, 0.40
2192, 0.33
2193, 0.30
2194, 0.47
2195, 0.40
2196, 0.40
2197, 0.27
2198, 0.40
2199, 0.40
2200, 0.33
2201, 0.33
2202, 0.37
2203, 0.40
2204, 0.37
2205, 0.30
2206, 0.33
2207, 0.43
2208, 0.27
2209, 0.37
2210, 0.40
2211, 0.43
2212, 0.43
2213, 0.40
2214, 0.43
2215, 0.40
2216, 0.27
2217, 0.33
2218, 0.37
2219, 0.43
2220, 0.43
2221, 0.43
2222, 0.43
2223, 0.37
2224, 0.33
2225, 0.40
2226, 0.43
2227, 0.33
2228, 0.30
2229, 0.43
2230, 0.47
2231, 0.50
2232, 0.37
2233, 0.43
2234, 0.40
2235, 0.40
2236, 0.37
2237, 0.43
2238, 0.40
2239, 0.43
2240, 0.47
2241, 0.47
2242, 0.37
2243, 0.40
2244, 0.37
2245, 0.27
2246, 0.33
2247, 0.33
2248, 0.30
2249, 0.43
2250, 0.33
2251, 0.40
2252, 0.30
2253, 0.33
2254, 0.40
2255, 0.40
2256, 0.33
2257, 0.37
2258, 0.40
2259, 0.40
2260, 0.30
2261, 0.43
2262, 0.47
2263, 0.37
2264, 0.30
2265, 0.43
2266, 0.40
2267, 0.37
2268, 0.40
2269, 0.37
2270, 0.30
2271, 0.40
2272, 0.47
2273, 0.33
2274, 0.33
2275, 0.37
2276, 0.37
2277, 0.30
2278, 0.40
2279, 0.33
2280, 0.43
2281, 0.40
2282, 0.40
2283, 0.40
2284, 0.33
2285, 0.37
2286, 0.43
2287, 0.40
2288, 0.37
2289, 0.40
2290, 0.33
2291, 0.40
2292, 0.40
2293, 0.43
2294, 0.33
2295, 0.37
2296, 0.37
2297, 0.37
2298, 0.37
2299, 0.37
2300, 0.37
2301, 0.40
2302, 0.33
2303, 0.27
2304, 0.43
2305, 0.40
2306, 0.33
2307, 0.40
2308, 0.40
2309, 0.33
2310, 0.43
2311, 0.33
2312, 0.43
2313, 0.30
2314, 0.47
2315, 0.40
2316, 0.37
2317, 0.30
2318, 0.37
2319, 0.33
2320, 0.37
2321, 0.33
2322, 0.33
2323, 0.37
2324, 0.33
2325, 0.37
2326, 0.37
2327, 0.37
2328, 0.30
2329, 0.33
2330, 0.40
2331, 0.33
2332, 0.37
2333, 0.37
2334, 0.33
2335, 0.37
2336, 0.40
2337, 0.33
2338, 0.43
2339, 0.37
2340, 0.40
2341, 0.40
2342, 0.37
2343, 0.37
2344, 0.40
2345, 0.40
2346, 0.33
2347, 0.40
2348, 0.33
2349, 0.37
2350, 0.33
2351, 0.30
2352, 0.40
2353, 0.37
2354, 0.40
2355, 0.33
2356, 0.37
2357, 0.27
2358, 0.40
2359, 0.30
2360, 0.30
2361, 0.37
2362, 0.47
2363, 0.40
2364, 0.30
2365, 0.40
2366, 0.37
2367, 0.37
2368, 0.33
2369, 0.30
2370, 0.40
2371, 0.33
2372, 0.47
2373, 0.27
2374, 0.43
2375, 0.43
2376, 0.30
2377, 0.40
2378, 0.37
2379, 0.40
2380, 0.37
2381, 0.40
2382, 0.37
2383, 0.23
2384, 0.40
2385, 0.33
2386, 0.37
2387, 0.37
2388, 0.40
2389, 0.30
2390, 0.37
2391, 0.47
2392, 0.37
2393, 0.33
2394, 0.33
2395, 0.47
2396, 0.37
2397, 0.30
2398, 0.40
2399, 0.30
2400, 0.37
2401, 0.37
2402, 0.47
2403, 0.23
2404, 0.33
2405, 0.37
2406, 0.40
2407, 0.33
2408, 0.37
2409, 0.43
2410, 0.33
2411, 0.40
2412, 0.40
2413, 0.43
2414, 0.40
2415, 0.33
2416, 0.40
2417, 0.43
2418, 0.40
2419, 0.43
2420, 0.30
2421, 0.37
2422, 0.40
2423, 0.40
2424, 0.37
2425, 0.37
2426, 0.37
2427, 0.37
2428, 0.33
2429, 0.43
2430, 0.43
2431, 0.33
2432, 0.40
2433, 0.33
2434, 0.47
2435, 0.33
2436, 0.40
2437, 0.40
2438, 0.47
2439, 0.40
2440, 0.37
2441, 0.40
2442, 0.37
2443, 0.43
2444, 0.37
2445, 0.43
2446, 0.30
2447, 0.40
2448, 0.40
2449, 0.37
2450, 0.37
2451, 0.30
2452, 0.30
2453, 0.43
2454, 0.33
2455, 0.40
2456, 0.37
2457, 0.37
2458, 0.37
2459, 0.37
2460, 0.30
2461, 0.37
2462, 0.30
2463, 0.33
2464, 0.40
2465, 0.33
2466, 0.37
2467, 0.40
2468, 0.33
2469, 0.37
2470, 0.37
2471, 0.37
2472, 0.33
2473, 0.37
2474, 0.37
2475, 0.33
2476, 0.33
2477, 0.40
2478, 0.30
2479, 0.40
2480, 0.40
2481, 0.33
2482, 0.40
2483, 0.30
2484, 0.37
2485, 0.43
2486, 0.43
2487, 0.40
2488, 0.33
2489, 0.33
2490, 0.43
2491, 0.47
2492, 0.37
2493, 0.40
2494, 0.43
2495, 0.33
2496, 0.33
2497, 0.43
2498, 0.33
2499, 0.33
2500, 0.43
2501, 0.43
2502, 0.37
2503, 0.30
2504, 0.33
2505, 0.40
2506, 0.40
2507, 0.43
2508, 0.37
2509, 0.43
2510, 0.30
2511, 0.37
2512, 0.43
2513, 0.33
2514, 0.43
2515, 0.37
2516, 0.43
2517, 0.37
2518, 0.40
2519, 0.40
2520, 0.37
2521, 0.30
2522, 0.33
2523, 0.33
2524, 0.33
2525, 0.37
2526, 0.33
2527, 0.37
2528, 0.37
2529, 0.33
2530, 0.37
2531, 0.40
2532, 0.37
2533, 0.40
2534, 0.43
2535, 0.37
2536, 0.40
2537, 0.40
2538, 0.37
2539, 0.37
2540, 0.43
2541, 0.37
2542, 0.43
2543, 0.43
2544, 0.40
2545, 0.37
2546, 0.40
2547, 0.40
2548, 0.37
2549, 0.30
2550, 0.47
2551, 0.37
2552, 0.33
2553, 0.30
2554, 0.47
2555, 0.33
2556, 0.37
2557, 0.30
2558, 0.33
2559, 0.37
2560, 0.40
2561, 0.40
2562, 0.40
2563, 0.37
2564, 0.30
2565, 0.43
2566, 0.27
2567, 0.33
2568, 0.43
2569, 0.47
2570, 0.30
2571, 0.47
2572, 0.27
2573, 0.30
2574, 0.37
2575, 0.37
2576, 0.43
2577, 0.37
2578, 0.43
2579, 0.30
2580, 0.37
2581, 0.37
2582, 0.27
2583, 0.43
2584, 0.50
2585, 0.37
2586, 0.40
2587, 0.33
2588, 0.33
2589, 0.43
2590, 0.40
2591, 0.33
2592, 0.43
2593, 0.43
2594, 0.43
2595, 0.40
2596, 0.37
2597, 0.33
2598, 0.37
2599, 0.37
2600, 0.37
2601, 0.37
2602, 0.30
2603, 0.40
2604, 0.33
2605, 0.37
2606, 0.37
2607, 0.37
2608, 0.40
2609, 0.27
2610, 0.33
2611, 0.37
2612, 0.43
2613, 0.37
2614, 0.30
2615, 0.40
2616, 0.37
2617, 0.37
2618, 0.40
2619, 0.33
2620, 0.37
2621, 0.37
2622, 0.37
2623, 0.47
2624, 0.37
2625, 0.40
2626, 0.30
2627, 0.40
2628, 0.43
2629, 0.33
2630, 0.37
2631, 0.33
2632, 0.37
2633, 0.37
2634, 0.33
2635, 0.33
2636, 0.37
2637, 0.47
2638, 0.30
2639, 0.40
2640, 0.30
2641, 0.43
2642, 0.37
2643, 0.40
2644, 0.40
2645, 0.43
2646, 0.30
2647, 0.37
2648, 0.47
2649, 0.40
2650, 0.37
2651, 0.33
2652, 0.40
2653, 0.40
2654, 0.40
2655, 0.37
2656, 0.30
2657, 0.37
2658, 0.33
2659, 0.37
2660, 0.47
2661, 0.37
2662, 0.33
2663, 0.33
2664, 0.37
2665, 0.40
2666, 0.33
2667, 0.37
2668, 0.37
2669, 0.37
2670, 0.40
2671, 0.40
2672, 0.40
2673, 0.37
2674, 0.30
2675, 0.37
2676, 0.30
2677, 0.40
2678, 0.33
2679, 0.40
2680, 0.40
2681, 0.37
2682, 0.33
2683, 0.33
2684, 0.47
2685, 0.37
2686, 0.37
2687, 0.40
2688, 0.30
2689, 0.37
2690, 0.40
2691, 0.30
2692, 0.37
2693, 0.37
2694, 0.47
2695, 0.40
2696, 0.33
2697, 0.37
2698, 0.43
2699, 0.33
2700, 0.37
2701, 0.40
2702, 0.40
2703, 0.33
2704, 0.37
2705, 0.33
2706, 0.47
2707, 0.40
2708, 0.40
2709, 0.43
2710, 0.37
2711, 0.43
2712, 0.33
2713, 0.43
2714, 0.30
2715, 0.37
2716, 0.40
2717, 0.37
2718, 0.33
2719, 0.43
2720, 0.37
2721, 0.37
2722, 0.37
2723, 0.33
2724, 0.30
2725, 0.37
2726, 0.43
2727, 0.40
2728, 0.37
2729, 0.40
2730, 0.33
2731, 0.40
2732, 0.43
2733, 0.37
2734, 0.30
2735, 0.30
2736, 0.40
2737, 0.40
2738, 0.40
2739, 0.37
2740, 0.40
2741, 0.43
2742, 0.40
2743, 0.27
2744, 0.40
2745, 0.40
2746, 0.47
2747, 0.33
2748, 0.37
2749, 0.33
2750, 0.40
2751, 0.40
2752, 0.40
2753, 0.43
2754, 0.43
2755, 0.40
2756, 0.37
2757, 0.37
2758, 0.40
2759, 0.37
2760, 0.40
2761, 0.33
2762, 0.37
2763, 0.27
2764, 0.40
2765, 0.37
2766, 0.37
2767, 0.23
2768, 0.43
2769, 0.37
2770, 0.43
2771, 0.40
2772, 0.37
2773, 0.30
2774, 0.40
2775, 0.40
2776, 0.33
2777, 0.33
2778, 0.33
2779, 0.37
2780, 0.33
2781, 0.40
2782, 0.40
2783, 0.40
2784, 0.37
2785, 0.40
2786, 0.40
2787, 0.40
2788, 0.37
2789, 0.33
2790, 0.37
2791, 0.47
2792, 0.40
2793, 0.40
2794, 0.43
2795, 0.47
2796, 0.37
2797, 0.43
2798, 0.40
2799, 0.27
2800, 0.40
2801, 0.33
2802, 0.37
2803, 0.40
2804, 0.40
2805, 0.40
2806, 0.27
2807, 0.40
2808, 0.37
2809, 0.43
2810, 0.27
2811, 0.37
2812, 0.43
2813, 0.37
2814, 0.40
2815, 0.43
2816, 0.40
2817, 0.40
2818, 0.37
2819, 0.47
2820, 0.37
2821, 0.40
2822, 0.50
2823, 0.30
2824, 0.30
2825, 0.40
2826, 0.37
2827, 0.27
2828, 0.33
2829, 0.37
2830, 0.37
2831, 0.37
2832, 0.30
2833, 0.40
2834, 0.40
2835, 0.43
2836, 0.33
2837, 0.30
2838, 0.37
2839, 0.33
2840, 0.37
2841, 0.40
2842, 0.43
2843, 0.43
2844, 0.33
2845, 0.43
2846, 0.43
2847, 0.37
2848, 0.40
2849, 0.43
2850, 0.40
2851, 0.33
2852, 0.33
2853, 0.47
2854, 0.37
2855, 0.37
2856, 0.40
2857, 0.33
2858, 0.37
2859, 0.37
2860, 0.37
2861, 0.40
2862, 0.40
2863, 0.40
2864, 0.47
2865, 0.33
2866, 0.50
2867, 0.40
2868, 0.37
2869, 0.37
2870, 0.37
2871, 0.40
2872, 0.33
2873, 0.33
2874, 0.43
2875, 0.33
2876, 0.33
2877, 0.30
2878, 0.37
2879, 0.43
2880, 0.33
2881, 0.43
2882, 0.30
2883, 0.37
2884, 0.37
2885, 0.40
2886, 0.27
2887, 0.40
2888, 0.37
2889, 0.33
2890, 0.33
2891, 0.43
2892, 0.40
2893, 0.37
2894, 0.37
2895, 0.27
2896, 0.37
2897, 0.40
2898, 0.40
2899, 0.40
2900, 0.30
2901, 0.37
2902, 0.37
2903, 0.33
2904, 0.43
2905, 0.40
2906, 0.53
2907, 0.40
2908, 0.40
2909, 0.30
2910, 0.37
2911, 0.33
2912, 0.33
2913, 0.40
2914, 0.43
2915, 0.37
2916, 0.37
2917, 0.37
2918, 0.33
2919, 0.37
2920, 0.37
2921, 0.37
2922, 0.37
2923, 0.30
2924, 0.30
2925, 0.27
2926, 0.33
2927, 0.47
2928, 0.37
2929, 0.37
2930, 0.30
2931, 0.47
2932, 0.37
2933, 0.40
2934, 0.33
2935, 0.43
2936, 0.30
2937, 0.40
2938, 0.30
2939, 0.40
2940, 0.40
2941, 0.47
2942, 0.37
2943, 0.37
2944, 0.37
2945, 0.33
2946, 0.40
2947, 0.40
2948, 0.37
2949, 0.50
2950, 0.33
2951, 0.37
2952, 0.37
2953, 0.43
2954, 0.37
2955, 0.40
2956, 0.40
2957, 0.40
2958, 0.27
2959, 0.40
2960, 0.37
2961, 0.43
2962, 0.37
2963, 0.33
2964, 0.43
2965, 0.37
2966, 0.30
2967, 0.37
2968, 0.40
2969, 0.40
2970, 0.37
2971, 0.40
2972, 0.40
2973, 0.40
2974, 0.37
2975, 0.37
2976, 0.37
2977, 0.43
2978, 0.37
2979, 0.33
2980, 0.40
2981, 0.37
2982, 0.33
2983, 0.40
2984, 0.40
2985, 0.37
2986, 0.33
2987, 0.40
2988, 0.33
2989, 0.37
2990, 0.47
2991, 0.33
2992, 0.33
2993, 0.37
2994, 0.40
2995, 0.40
2996, 0.37
2997, 0.40
2998, 0.37
2999, 0.33
3000, 0.33
3001, 0.40
3002, 0.40
3003, 0.37
3004, 0.43
3005, 0.40
3006, 0.33
3007, 0.40
3008, 0.37
3009, 0.37
3010, 0.27
3011, 0.33
3012, 0.30
3013, 0.40
3014, 0.40
3015, 0.43
3016, 0.37
3017, 0.43
3018, 0.37
3019, 0.40
3020, 0.40
3021, 0.40
3022, 0.40
3023, 0.37
3024, 0.33
3025, 0.37
3026, 0.33
3027, 0.33
3028, 0.33
3029, 0.40
3030, 0.43
3031, 0.37
3032, 0.47
3033, 0.40
3034, 0.33
3035, 0.37
3036, 0.37
3037, 0.37
3038, 0.43
3039, 0.40
3040, 0.23
3041, 0.27
3042, 0.40
3043, 0.37
3044, 0.43
3045, 0.40
3046, 0.37
3047, 0.37
3048, 0.40
3049, 0.37
3050, 0.37
3051, 0.37
3052, 0.33
3053, 0.43
3054, 0.40
3055, 0.37
3056, 0.30
3057, 0.37
3058, 0.30
3059, 0.33
3060, 0.40
3061, 0.33
3062, 0.40
3063, 0.37
3064, 0.30
3065, 0.43
3066, 0.37
3067, 0.40
3068, 0.30
3069, 0.43
3070, 0.37
3071, 0.27
3072, 0.40
3073, 0.37
3074, 0.37
3075, 0.37
3076, 0.27
3077, 0.30
3078, 0.37
3079, 0.33
3080, 0.37
3081, 0.33
3082, 0.43
3083, 0.37
3084, 0.37
3085, 0.33
3086, 0.43
3087, 0.40
3088, 0.40
3089, 0.37
3090, 0.40
3091, 0.37
3092, 0.40
3093, 0.33
3094, 0.40
3095, 0.43
3096, 0.40
3097, 0.37
3098, 0.40
3099, 0.40
3100, 0.37
3101, 0.33
3102, 0.33
3103, 0.37
3104, 0.33
3105, 0.37
3106, 0.40
3107, 0.40
3108, 0.40
3109, 0.40
3110, 0.40
3111, 0.40
3112, 0.37
3113, 0.43
3114, 0.33
3115, 0.37
3116, 0.33
3117, 0.33
3118, 0.40
3119, 0.40
3120, 0.37
3121, 0.33
3122, 0.33
3123, 0.30
3124, 0.43
3125, 0.43
3126, 0.37
3127, 0.40
3128, 0.33
3129, 0.33
3130, 0.40
3131, 0.37
3132, 0.30
3133, 0.43
3134, 0.47
3135, 0.33
3136, 0.37
3137, 0.40
3138, 0.37
3139, 0.33
3140, 0.37
3141, 0.33
3142, 0.33
3143, 0.40
3144, 0.43
3145, 0.40
3146, 0.40
3147, 0.27
3148, 0.40
3149, 0.37
3150, 0.37
3151, 0.33
3152, 0.37
3153, 0.40
3154, 0.33
3155, 0.40
3156, 0.40
3157, 0.37
3158, 0.43
3159, 0.43
3160, 0.43
3161, 0.40
3162, 0.37
3163, 0.33
3164, 0.43
3165, 0.40
3166, 0.33
3167, 0.33
3168, 0.40
3169, 0.33
3170, 0.33
3171, 0.30
3172, 0.30
3173, 0.37
3174, 0.37
3175, 0.33
3176, 0.40
3177, 0.40
3178, 0.40
3179, 0.40
3180, 0.37
3181, 0.40
3182, 0.33
3183, 0.30
3184, 0.40
3185, 0.30
3186, 0.33
3187, 0.33
3188, 0.37
3189, 0.37
3190, 0.40
3191, 0.40
3192, 0.37
3193, 0.37
3194, 0.40
3195, 0.37
3196, 0.37
3197, 0.33
3198, 0.33
3199, 0.33
3200, 0.40
3201, 0.33
3202, 0.37
3203, 0.40
3204, 0.33
3205, 0.37
3206, 0.43
3207, 0.37
3208, 0.33
3209, 0.33
3210, 0.40
3211, 0.40
3212, 0.40
3213, 0.30
3214, 0.37
3215, 0.40
3216, 0.30
3217, 0.40
3218, 0.43
3219, 0.30
3220, 0.30
3221, 0.30
3222, 0.33
3223, 0.33
3224, 0.37
3225, 0.33
3226, 0.37
3227, 0.43
3228, 0.37
3229, 0.40
3230, 0.33
3231, 0.40
3232, 0.37
3233, 0.37
3234, 0.37
3235, 0.40
3236, 0.33
3237, 0.30
3238, 0.43
3239, 0.40
3240, 0.40
3241, 0.23
3242, 0.30
3243, 0.43
3244, 0.37
3245, 0.23
3246, 0.50
3247, 0.37
3248, 0.33
3249, 0.43
3250, 0.40
3251, 0.40
3252, 0.47
3253, 0.30
3254, 0.37
3255, 0.47
3256, 0.27
3257, 0.30
3258, 0.30
3259, 0.30
3260, 0.37
3261, 0.37
3262, 0.47
3263, 0.40
3264, 0.23
3265, 0.37
3266, 0.33
3267, 0.33
3268, 0.43
3269, 0.40
3270, 0.37
3271, 0.33
3272, 0.37
3273, 0.37
3274, 0.40
3275, 0.33
3276, 0.30
3277, 0.43
3278, 0.27
3279, 0.37
3280, 0.43
3281, 0.37
3282, 0.33
3283, 0.40
3284, 0.33
3285, 0.27
3286, 0.37
3287, 0.47
3288, 0.37
3289, 0.43
3290, 0.37
3291, 0.40
3292, 0.37
3293, 0.43
3294, 0.33
3295, 0.40
3296, 0.37
3297, 0.40
3298, 0.33
3299, 0.40
3300, 0.40
3301, 0.37
3302, 0.47
3303, 0.37
3304, 0.40
3305, 0.30
3306, 0.40
3307, 0.40
3308, 0.47
3309, 0.40
3310, 0.43
3311, 0.37
3312, 0.40
3313, 0.40
3314, 0.37
3315, 0.37
3316, 0.40
3317, 0.40
3318, 0.30
3319, 0.33
3320, 0.33
3321, 0.37
3322, 0.40
3323, 0.40
3324, 0.40
3325, 0.37
3326, 0.30
3327, 0.40
3328, 0.33
3329, 0.37
3330, 0.40
3331, 0.37
3332, 0.40
3333, 0.33
3334, 0.40
3335, 0.30
3336, 0.37
3337, 0.43
3338, 0.37
3339, 0.40
3340, 0.37
3341, 0.37
3342, 0.50
3343, 0.30
3344, 0.33
3345, 0.47
3346, 0.43
3347, 0.40
3348, 0.33
3349, 0.37
3350, 0.37
3351, 0.30
3352, 0.37
3353, 0.33
3354, 0.37
3355, 0.30
3356, 0.40
3357, 0.37
3358, 0.40
3359, 0.33
3360, 0.37
3361, 0.33
3362, 0.37
3363, 0.37
3364, 0.37
3365, 0.43
3366, 0.40
3367, 0.37
3368, 0.43
3369, 0.37
3370, 0.43
3371, 0.40
3372, 0.33
3373, 0.37
3374, 0.33
3375, 0.33
3376, 0.40
3377, 0.37
3378, 0.37
3379, 0.47
3380, 0.30
3381, 0.37
3382, 0.37
3383, 0.43
3384, 0.37
3385, 0.40
3386, 0.47
3387, 0.40
3388, 0.33
3389, 0.33
3390, 0.40
3391, 0.33
3392, 0.37
3393, 0.33
3394, 0.33
3395, 0.40
3396, 0.40
3397, 0.47
3398, 0.30
3399, 0.43
3400, 0.40
3401, 0.30
3402, 0.40
3403, 0.37
3404, 0.33
3405, 0.33
3406, 0.40
3407, 0.37
3408, 0.40
3409, 0.33
3410, 0.43
3411, 0.33
3412, 0.37
3413, 0.40
3414, 0.43
3415, 0.37
3416, 0.37
3417, 0.43
3418, 0.43
3419, 0.33
3420, 0.37
3421, 0.37
3422, 0.40
3423, 0.43
3424, 0.40
3425, 0.43
3426, 0.43
3427, 0.37
3428, 0.33
3429, 0.40
3430, 0.37
3431, 0.23
3432, 0.33
3433, 0.33
3434, 0.37
3435, 0.40
3436, 0.33
3437, 0.40
3438, 0.27
3439, 0.37
3440, 0.43
3441, 0.37
3442, 0.33
3443, 0.40
3444, 0.37
3445, 0.37
3446, 0.50
3447, 0.40
3448, 0.37
3449, 0.37
3450, 0.47
3451, 0.40
3452, 0.40
3453, 0.30
3454, 0.37
3455, 0.33
3456, 0.37
3457, 0.30
3458, 0.40
3459, 0.40
3460, 0.37
3461, 0.37
3462, 0.33
3463, 0.33
3464, 0.43
3465, 0.33
3466, 0.43
3467, 0.43
3468, 0.40
3469, 0.33
3470, 0.40
3471, 0.37
3472, 0.37
3473, 0.40
3474, 0.40
3475, 0.33
3476, 0.33
3477, 0.30
3478, 0.40
3479, 0.37
3480, 0.40
3481, 0.40
3482, 0.40
3483, 0.40
3484, 0.43
3485, 0.40
3486, 0.43
3487, 0.37
3488, 0.33
3489, 0.33
3490, 0.43
3491, 0.27
3492, 0.40
3493, 0.40
3494, 0.40
3495, 0.37
3496, 0.37
3497, 0.47
3498, 0.37
3499, 0.43
3500, 0.40
3501, 0.37
3502, 0.40
3503, 0.43
3504, 0.40
3505, 0.40
3506, 0.37
3507, 0.40
3508, 0.33
3509, 0.33
3510, 0.40
3511, 0.33
3512, 0.40
3513, 0.37
3514, 0.43
3515, 0.37
3516, 0.30
3517, 0.37
3518, 0.40
3519, 0.40
3520, 0.40
3521, 0.33
3522, 0.33
3523, 0.40
3524, 0.33
3525, 0.37
3526, 0.50
3527, 0.37
3528, 0.33
3529, 0.33
3530, 0.40
3531, 0.40
3532, 0.40
3533, 0.37
3534, 0.40
3535, 0.40
3536, 0.37
3537, 0.37
3538, 0.40
3539, 0.47
3540, 0.37
3541, 0.30
3542, 0.40
3543, 0.40
3544, 0.30
3545, 0.33
3546, 0.37
3547, 0.47
3548, 0.37
3549, 0.37
3550, 0.37
3551, 0.30
3552, 0.37
3553, 0.47
3554, 0.33
3555, 0.27
3556, 0.37
3557, 0.37
3558, 0.33
3559, 0.43
3560, 0.40
3561, 0.30
3562, 0.33
3563, 0.43
3564, 0.37
3565, 0.43
3566, 0.40
3567, 0.37
3568, 0.43
3569, 0.37
3570, 0.37
3571, 0.40
3572, 0.40
3573, 0.37
3574, 0.40
3575, 0.37
3576, 0.37
3577, 0.43
3578, 0.33
3579, 0.47
3580, 0.27
3581, 0.33
3582, 0.33
3583, 0.43
3584, 0.37
3585, 0.37
3586, 0.37
3587, 0.37
3588, 0.27
3589, 0.40
3590, 0.37
3591, 0.43
3592, 0.43
3593, 0.33
3594, 0.33
3595, 0.30
3596, 0.37
3597, 0.47
3598, 0.33
3599, 0.43
3600, 0.40
3601, 0.37
3602, 0.33
3603, 0.33
3604, 0.37
3605, 0.37
3606, 0.43
3607, 0.40
3608, 0.37
3609, 0.37
3610, 0.33
3611, 0.37
3612, 0.33
3613, 0.40
3614, 0.27
3615, 0.37
3616, 0.37
3617, 0.43
3618, 0.40
3619, 0.33
3620, 0.47
3621, 0.47
3622, 0.37
3623, 0.40
3624, 0.37
3625, 0.33
3626, 0.30
3627, 0.40
3628, 0.37
3629, 0.40
3630, 0.43
3631, 0.37
3632, 0.33
3633, 0.40
3634, 0.43
3635, 0.37
3636, 0.43
3637, 0.40
3638, 0.33
3639, 0.27
3640, 0.33
3641, 0.47
3642, 0.40
3643, 0.40
3644, 0.30
3645, 0.33
3646, 0.40
3647, 0.40
3648, 0.30
3649, 0.40
3650, 0.30
3651, 0.37
3652, 0.37
3653, 0.40
3654, 0.43
3655, 0.37
3656, 0.37
3657, 0.37
3658, 0.37
3659, 0.37
3660, 0.37
3661, 0.27
3662, 0.30
3663, 0.40
3664, 0.30
3665, 0.43
3666, 0.30
3667, 0.33
3668, 0.40
3669, 0.33
3670, 0.40
3671, 0.43
3672, 0.40
3673, 0.43
3674, 0.30
3675, 0.37
3676, 0.37
3677, 0.43
3678, 0.37
3679, 0.40
3680, 0.40
3681, 0.33
3682, 0.33
3683, 0.40
3684, 0.33
3685, 0.43
3686, 0.37
3687, 0.37
3688, 0.33
3689, 0.33
3690, 0.43
3691, 0.33
3692, 0.37
3693, 0.40
3694, 0.37
3695, 0.37
3696, 0.33
3697, 0.37
3698, 0.37
3699, 0.37
3700, 0.33
3701, 0.43
3702, 0.43
3703, 0.37
3704, 0.43
3705, 0.43
3706, 0.27
3707, 0.40
3708, 0.40
3709, 0.30
3710, 0.33
3711, 0.33
3712, 0.37
3713, 0.37
3714, 0.40
3715, 0.40
3716, 0.30
3717, 0.33
3718, 0.43
3719, 0.37
3720, 0.30
3721, 0.33
3722, 0.47
3723, 0.33
3724, 0.40
3725, 0.33
3726, 0.37
3727, 0.43
3728, 0.40
3729, 0.43
3730, 0.37
3731, 0.40
3732, 0.43
3733, 0.33
3734, 0.37
3735, 0.40
3736, 0.37
3737, 0.33
3738, 0.40
3739, 0.37
3740, 0.33
3741, 0.33
3742, 0.40
3743, 0.30
3744, 0.33
3745, 0.37
3746, 0.43
3747, 0.40
3748, 0.40
3749, 0.33
3750, 0.37
3751, 0.37
3752, 0.33
3753, 0.43
3754, 0.40
3755, 0.33
3756, 0.27
3757, 0.33
3758, 0.40
3759, 0.27
3760, 0.33
3761, 0.30
3762, 0.37
3763, 0.40
3764, 0.33
3765, 0.33
3766, 0.37
3767, 0.37
3768, 0.40
3769, 0.47
3770, 0.37
3771, 0.30
3772, 0.40
3773, 0.37
3774, 0.33
3775, 0.30
3776, 0.37
3777, 0.40
3778, 0.27
3779, 0.40
3780, 0.40
3781, 0.33
3782, 0.43
3783, 0.40
3784, 0.40
3785, 0.27
3786, 0.33
3787, 0.43
3788, 0.40
3789, 0.33
3790, 0.40
3791, 0.30
3792, 0.37
3793, 0.37
3794, 0.33
3795, 0.40
3796, 0.43
3797, 0.43
3798, 0.40
3799, 0.40
3800, 0.33
3801, 0.33
3802, 0.40
3803, 0.40
3804, 0.37
3805, 0.40
3806, 0.37
3807, 0.30
3808, 0.33
3809, 0.37
3810, 0.40
3811, 0.43
3812, 0.43
3813, 0.33
3814, 0.37
3815, 0.33
3816, 0.40
3817, 0.37
3818, 0.50
3819, 0.40
3820, 0.43
3821, 0.37
3822, 0.40
3823, 0.33
3824, 0.40
3825, 0.30
3826, 0.47
3827, 0.37
3828, 0.40
3829, 0.47
3830, 0.43
3831, 0.33
3832, 0.33
3833, 0.37
3834, 0.37
3835, 0.33
3836, 0.37
3837, 0.40
3838, 0.27
3839, 0.40
3840, 0.40
3841, 0.43
3842, 0.40
3843, 0.37
3844, 0.43
3845, 0.37
3846, 0.37
3847, 0.40
3848, 0.40
3849, 0.37
3850, 0.40
3851, 0.40
3852, 0.40
3853, 0.40
3854, 0.40
3855, 0.23
3856, 0.37
3857, 0.30
3858, 0.43
3859, 0.30
3860, 0.37
3861, 0.40
3862, 0.33
3863, 0.33
3864, 0.37
3865, 0.33
3866, 0.40
3867, 0.37
3868, 0.37
3869, 0.40
3870, 0.43
3871, 0.40
3872, 0.47
3873, 0.40
3874, 0.33
3875, 0.40
3876, 0.43
3877, 0.43
3878, 0.43
3879, 0.30
3880, 0.40
3881, 0.33
3882, 0.40
3883, 0.37
3884, 0.37
3885, 0.40
3886, 0.43
3887, 0.37
3888, 0.40
3889, 0.43
3890, 0.40
3891, 0.27
3892, 0.37
3893, 0.37
3894, 0.33
3895, 0.37
3896, 0.40
3897, 0.27
3898, 0.37
3899, 0.33
3900, 0.33
3901, 0.40
3902, 0.40
3903, 0.43
3904, 0.40
3905, 0.33
3906, 0.40
3907, 0.30
3908, 0.40
3909, 0.43
3910, 0.43
3911, 0.40
3912, 0.40
3913, 0.30
3914, 0.33
3915, 0.33
3916, 0.40
3917, 0.40
3918, 0.40
3919, 0.43
3920, 0.33
3921, 0.40
3922, 0.40
3923, 0.43
3924, 0.37
3925, 0.43
3926, 0.33
3927, 0.40
3928, 0.37
3929, 0.40
3930, 0.30
3931, 0.43
3932, 0.47
3933, 0.43
3934, 0.47
3935, 0.37
3936, 0.37
3937, 0.37
3938, 0.37
3939, 0.37
3940, 0.33
3941, 0.37
3942, 0.37
3943, 0.37
3944, 0.40
3945, 0.33
3946, 0.37
3947, 0.47
3948, 0.33
3949, 0.33
3950, 0.30
3951, 0.37
3952, 0.33
3953, 0.33
3954, 0.40
3955, 0.30
3956, 0.30
3957, 0.33
3958, 0.33
3959, 0.33
3960, 0.47
3961, 0.40
3962, 0.33
3963, 0.40
3964, 0.30
3965, 0.27
3966, 0.40
3967, 0.40
3968, 0.47
3969, 0.53
3970, 0.37
3971, 0.30
3972, 0.40
3973, 0.30
3974, 0.30
3975, 0.43
3976, 0.37
3977, 0.40
3978, 0.43
3979, 0.33
3980, 0.37
3981, 0.40
3982, 0.33
3983, 0.33
3984, 0.43
3985, 0.33
3986, 0.47
3987, 0.40
3988, 0.30
3989, 0.37
3990, 0.37
3991, 0.37
3992, 0.40
3993, 0.37
3994, 0.37
3995, 0.33
3996, 0.43
3997, 0.47
3998, 0.30
3999, 0.37
4000, 0.37
4001, 0.43
4002, 0.37
4003, 0.37
4004, 0.43
4005, 0.37
4006, 0.40
4007, 0.43
4008, 0.43
4009, 0.37
4010, 0.33
4011, 0.30
4012, 0.37
4013, 0.40
4014, 0.37
4015, 0.37
4016, 0.43
4017, 0.43
4018, 0.40
4019, 0.40
4020, 0.33
4021, 0.37
4022, 0.30
4023, 0.40
4024, 0.30
4025, 0.40
4026, 0.43
4027, 0.33
4028, 0.40
4029, 0.40
4030, 0.37
4031, 0.37
4032, 0.33
4033, 0.43
4034, 0.43
4035, 0.33
4036, 0.37
4037, 0.37
4038, 0.43
4039, 0.37
4040, 0.37
4041, 0.37
4042, 0.33
4043, 0.37
4044, 0.37
4045, 0.33
4046, 0.40
4047, 0.43
4048, 0.37
4049, 0.37
4050, 0.33
4051, 0.37
4052, 0.27
4053, 0.37
4054, 0.37
4055, 0.30
4056, 0.37
4057, 0.33
4058, 0.37
4059, 0.33
4060, 0.37
4061, 0.33
4062, 0.37
4063, 0.37
4064, 0.40
4065, 0.40
4066, 0.37
4067, 0.33
4068, 0.37
4069, 0.30
4070, 0.37
4071, 0.33
4072, 0.40
4073, 0.33
4074, 0.33
4075, 0.40
4076, 0.33
4077, 0.33
4078, 0.37
4079, 0.37
4080, 0.33
4081, 0.37
4082, 0.40
4083, 0.33
4084, 0.30
4085, 0.43
4086, 0.43
4087, 0.33
4088, 0.40
4089, 0.47
4090, 0.40
4091, 0.40
4092, 0.37
4093, 0.40
4094, 0.43
4095, 0.47
4096, 0.37
4097, 0.40
4098, 0.40
4099, 0.37
4100, 0.37
4101, 0.43
4102, 0.37
4103, 0.40
4104, 0.40
4105, 0.37
4106, 0.37
4107, 0.40
4108, 0.40
4109, 0.30
4110, 0.47
4111, 0.30
4112, 0.33
4113, 0.40
4114, 0.30
4115, 0.40
4116, 0.40
4117, 0.33
4118, 0.40
4119, 0.30
4120, 0.40
4121, 0.40
4122, 0.40
4123, 0.37
4124, 0.43
4125, 0.30
4126, 0.40
4127, 0.40
4128, 0.37
4129, 0.37
4130, 0.33
4131, 0.37
4132, 0.37
4133, 0.33
4134, 0.33
4135, 0.37
4136, 0.27
4137, 0.40
4138, 0.50
4139, 0.37
4140, 0.37
4141, 0.37
4142, 0.33
4143, 0.40
4144, 0.40
4145, 0.33
4146, 0.37
4147, 0.43
4148, 0.37
4149, 0.33
4150, 0.40
4151, 0.37
4152, 0.30
4153, 0.37
4154, 0.30
4155, 0.40
4156, 0.33
4157, 0.40
4158, 0.37
4159, 0.37
4160, 0.43
4161, 0.33
4162, 0.43
4163, 0.30
4164, 0.43
4165, 0.40
4166, 0.43
4167, 0.47
4168, 0.40
4169, 0.40
4170, 0.37
4171, 0.30
4172, 0.37
4173, 0.37
4174, 0.37
4175, 0.40
4176, 0.40
4177, 0.40
4178, 0.40
4179, 0.40
4180, 0.30
4181, 0.40
4182, 0.37
4183, 0.40
4184, 0.40
4185, 0.37
4186, 0.30
4187, 0.30
4188, 0.30
4189, 0.43
4190, 0.37
4191, 0.43
4192, 0.40
4193, 0.37
4194, 0.30
4195, 0.40
4196, 0.43
4197, 0.37
4198, 0.37
4199, 0.33
4200, 0.40
4201, 0.40
4202, 0.30
4203, 0.27
4204, 0.40
4205, 0.30
4206, 0.40
4207, 0.40
4208, 0.40
4209, 0.33
4210, 0.37
4211, 0.30
4212, 0.40
4213, 0.43
4214, 0.43
4215, 0.40
4216, 0.37
4217, 0.37
4218, 0.40
4219, 0.33
4220, 0.37
4221, 0.40
4222, 0.37
4223, 0.40
4224, 0.40
4225, 0.30
4226, 0.33
4227, 0.40
4228, 0.37
4229, 0.33
4230, 0.30
4231, 0.33
4232, 0.33
4233, 0.40
4234, 0.33
4235, 0.37
4236, 0.37
4237, 0.43
4238, 0.37
4239, 0.40
4240, 0.37
4241, 0.43
4242, 0.33
4243, 0.43
4244, 0.30
4245, 0.40
4246, 0.37
4247, 0.40
4248, 0.37
4249, 0.37
4250, 0.40
4251, 0.43
4252, 0.40
4253, 0.37
4254, 0.40
4255, 0.30
4256, 0.27
4257, 0.43
4258, 0.37
4259, 0.40
4260, 0.33
4261, 0.33
4262, 0.33
4263, 0.40
4264, 0.43
4265, 0.33
4266, 0.33
4267, 0.40
4268, 0.33
4269, 0.33
4270, 0.33
4271, 0.30
4272, 0.43
4273, 0.33
4274, 0.37
4275, 0.43
4276, 0.40
4277, 0.33
4278, 0.43
4279, 0.33
4280, 0.43
4281, 0.40
4282, 0.37
4283, 0.40
4284, 0.40
4285, 0.33
4286, 0.37
4287, 0.27
4288, 0.37
4289, 0.37
4290, 0.37
4291, 0.40
4292, 0.37
4293, 0.37
4294, 0.40
4295, 0.37
4296, 0.33
4297, 0.40
4298, 0.40
4299, 0.40
4300, 0.40
4301, 0.37
4302, 0.40
4303, 0.37
4304, 0.37
4305, 0.40
4306, 0.40
4307, 0.33
4308, 0.37
4309, 0.37
4310, 0.43
4311, 0.40
4312, 0.43
4313, 0.37
4314, 0.37
4315, 0.37
4316, 0.33
4317, 0.40
4318, 0.40
4319, 0.37
4320, 0.33
4321, 0.40
4322, 0.40
4323, 0.40
4324, 0.33
4325, 0.40
4326, 0.40
4327, 0.43
4328, 0.37
4329, 0.33
4330, 0.40
4331, 0.40
4332, 0.40
4333, 0.33
4334, 0.40
4335, 0.37
4336, 0.40
4337, 0.30
4338, 0.37
4339, 0.43
4340, 0.43
4341, 0.40
4342, 0.33
4343, 0.33
4344, 0.33
4345, 0.43
4346, 0.43
4347, 0.43
4348, 0.37
4349, 0.37
4350, 0.37
4351, 0.43
4352, 0.33
4353, 0.33
4354, 0.43
4355, 0.37
4356, 0.27
4357, 0.40
4358, 0.40
4359, 0.33
4360, 0.47
4361, 0.40
4362, 0.37
4363, 0.33
4364, 0.40
4365, 0.37
4366, 0.37
4367, 0.30
4368, 0.40
4369, 0.40
4370, 0.40
4371, 0.33
4372, 0.40
4373, 0.37
4374, 0.30
4375, 0.33
4376, 0.33
4377, 0.40
4378, 0.40
4379, 0.40
4380, 0.40
4381, 0.37
4382, 0.40
4383, 0.33
4384, 0.40
4385, 0.40
4386, 0.43
4387, 0.37
4388, 0.40
4389, 0.40
4390, 0.33
4391, 0.37
4392, 0.37
4393, 0.30
4394, 0.30
4395, 0.33
4396, 0.50
4397, 0.43
4398, 0.33
4399, 0.40
4400, 0.40
4401, 0.30
4402, 0.43
4403, 0.40
4404, 0.40
4405, 0.40
4406, 0.40
4407, 0.33
4408, 0.43
4409, 0.37
4410, 0.37
4411, 0.40
4412, 0.43
4413, 0.43
4414, 0.37
4415, 0.40
4416, 0.43
4417, 0.37
4418, 0.37
4419, 0.43
4420, 0.33
4421, 0.43
4422, 0.40
4423, 0.30
4424, 0.33
4425, 0.43
4426, 0.40
4427, 0.30
4428, 0.43
4429, 0.33
4430, 0.43
4431, 0.37
4432, 0.37
4433, 0.40
4434, 0.30
4435, 0.37
4436, 0.37
4437, 0.47
4438, 0.40
4439, 0.47
4440, 0.40
4441, 0.37
4442, 0.40
4443, 0.50
4444, 0.37
4445, 0.47
4446, 0.43
4447, 0.37
4448, 0.33
4449, 0.33
4450, 0.37
4451, 0.43
4452, 0.30
4453, 0.40
4454, 0.43
4455, 0.37
4456, 0.30
4457, 0.37
4458, 0.43
4459, 0.43
4460, 0.43
4461, 0.37
4462, 0.43
4463, 0.43
4464, 0.40
4465, 0.40
4466, 0.37
4467, 0.47
4468, 0.23
4469, 0.37
4470, 0.43
4471, 0.33
4472, 0.47
4473, 0.43
4474, 0.37
4475, 0.40
4476, 0.37
4477, 0.33
4478, 0.43
4479, 0.33
4480, 0.40
4481, 0.40
4482, 0.40
4483, 0.40
4484, 0.40
4485, 0.43
4486, 0.33
4487, 0.33
4488, 0.37
4489, 0.43
4490, 0.43
4491, 0.37
4492, 0.40
4493, 0.37
4494, 0.33
4495, 0.40
4496, 0.37
4497, 0.33
4498, 0.37
4499, 0.33
4500, 0.40
4501, 0.37
4502, 0.43
4503, 0.43
4504, 0.33
4505, 0.43
4506, 0.40
4507, 0.43
4508, 0.40
4509, 0.50
4510, 0.43
4511, 0.33
4512, 0.43
4513, 0.40
4514, 0.33
4515, 0.30
4516, 0.43
4517, 0.37
4518, 0.40
4519, 0.43
4520, 0.30
4521, 0.40
4522, 0.37
4523, 0.37
4524, 0.30
4525, 0.37
4526, 0.37
4527, 0.40
4528, 0.33
4529, 0.30
4530, 0.43
4531, 0.33
4532, 0.37
4533, 0.33
4534, 0.40
4535, 0.37
4536, 0.40
4537, 0.40
4538, 0.40
4539, 0.30
4540, 0.30
4541, 0.50
4542, 0.37
4543, 0.30
4544, 0.33
4545, 0.40
4546, 0.50
4547, 0.40
4548, 0.43
4549, 0.43
4550, 0.40
4551, 0.30
4552, 0.40
4553, 0.37
4554, 0.33
4555, 0.37
4556, 0.40
4557, 0.40
4558, 0.27
4559, 0.37
4560, 0.33
4561, 0.37
4562, 0.40
4563, 0.37
4564, 0.37
4565, 0.47
4566, 0.40
4567, 0.43
4568, 0.40
4569, 0.30
4570, 0.47
4571, 0.43
4572, 0.33
4573, 0.37
4574, 0.43
4575, 0.40
4576, 0.27
4577, 0.30
4578, 0.40
4579, 0.47
4580, 0.37
4581, 0.33
4582, 0.40
4583, 0.37
4584, 0.30
4585, 0.30
4586, 0.40
4587, 0.40
4588, 0.43
4589, 0.47
4590, 0.33
4591, 0.37
4592, 0.40
4593, 0.23
4594, 0.33
4595, 0.33
4596, 0.33
4597, 0.40
4598, 0.47
4599, 0.37
4600, 0.40
4601, 0.30
4602, 0.40
4603, 0.37
4604, 0.27
4605, 0.40
4606, 0.40
4607, 0.40
4608, 0.33
4609, 0.33
4610, 0.37
4611, 0.40
4612, 0.37
4613, 0.33
4614, 0.40
4615, 0.33
4616, 0.43
4617, 0.30
4618, 0.40
4619, 0.43
4620, 0.37
4621, 0.37
4622, 0.37
4623, 0.33
4624, 0.40
4625, 0.37
4626, 0.47
4627, 0.37
4628, 0.30
4629, 0.40
4630, 0.40
4631, 0.47
4632, 0.37
4633, 0.33
4634, 0.43
4635, 0.37
4636, 0.33
4637, 0.40
4638, 0.40
4639, 0.33
4640, 0.43
4641, 0.40
4642, 0.37
4643, 0.33
4644, 0.40
4645, 0.33
4646, 0.40
4647, 0.40
4648, 0.37
4649, 0.40
4650, 0.43
4651, 0.40
4652, 0.40
4653, 0.43
4654, 0.37
4655, 0.37
4656, 0.43
4657, 0.43
4658, 0.43
4659, 0.33
4660, 0.40
4661, 0.40
4662, 0.37
4663, 0.37
4664, 0.37
4665, 0.33
4666, 0.33
4667, 0.37
4668, 0.33
4669, 0.37
4670, 0.37
4671, 0.30
4672, 0.30
4673, 0.37
4674, 0.50
4675, 0.40
4676, 0.40
4677, 0.37
4678, 0.33
4679, 0.33
4680, 0.40
4681, 0.43
4682, 0.43
4683, 0.37
4684, 0.30
4685, 0.37
4686, 0.33
4687, 0.37
4688, 0.43
4689, 0.40
4690, 0.30
4691, 0.43
4692, 0.33
4693, 0.40
4694, 0.37
4695, 0.37
4696, 0.40
4697, 0.40
4698, 0.37
4699, 0.37
4700, 0.37
4701, 0.30
4702, 0.43
4703, 0.30
4704, 0.40
4705, 0.50
4706, 0.33
4707, 0.47
4708, 0.40
4709, 0.37
4710, 0.40
4711, 0.40
4712, 0.37
4713, 0.40
4714, 0.43
4715, 0.47
4716, 0.30
4717, 0.30
4718, 0.33
4719, 0.40
4720, 0.43
4721, 0.40
4722, 0.33
4723, 0.37
4724, 0.40
4725, 0.37
4726, 0.37
4727, 0.33
4728, 0.37
4729, 0.37
4730, 0.40
4731, 0.40
4732, 0.40
4733, 0.30
4734, 0.40
4735, 0.43
4736, 0.33
4737, 0.43
4738, 0.37
4739, 0.37
4740, 0.40
4741, 0.40
4742, 0.37
4743, 0.37
4744, 0.40
4745, 0.40
4746, 0.43
4747, 0.37
4748, 0.37
4749, 0.40
4750, 0.37
4751, 0.47
4752, 0.50
4753, 0.43
4754, 0.37
4755, 0.40
4756, 0.37
4757, 0.40
4758, 0.43
4759, 0.30
4760, 0.40
4761, 0.40
4762, 0.37
4763, 0.47
4764, 0.40
4765, 0.40
4766, 0.40
4767, 0.27
4768, 0.37
4769, 0.30
4770, 0.33
4771, 0.40
4772, 0.50
4773, 0.37
4774, 0.40
4775, 0.37
4776, 0.40
4777, 0.40
4778, 0.37
4779, 0.37
4780, 0.40
4781, 0.37
4782, 0.40
4783, 0.40
4784, 0.43
4785, 0.43
4786, 0.30
4787, 0.27
4788, 0.43
4789, 0.40
4790, 0.37
4791, 0.33
4792, 0.37
4793, 0.37
4794, 0.37
4795, 0.37
4796, 0.33
4797, 0.40
4798, 0.33
4799, 0.37
4800, 0.33
4801, 0.27
4802, 0.43
4803, 0.40
4804, 0.37
4805, 0.30
4806, 0.40
4807, 0.43
4808, 0.37
4809, 0.40
4810, 0.40
4811, 0.43
4812, 0.43
4813, 0.40
4814, 0.33
4815, 0.40
4816, 0.40
4817, 0.43
4818, 0.37
4819, 0.40
4820, 0.37
4821, 0.40
4822, 0.37
4823, 0.37
4824, 0.37
4825, 0.43
4826, 0.37
4827, 0.40
4828, 0.37
4829, 0.33
4830, 0.40
4831, 0.40
4832, 0.37
4833, 0.40
4834, 0.40
4835, 0.30
4836, 0.30
4837, 0.40
4838, 0.30
4839, 0.37
4840, 0.40
4841, 0.43
4842, 0.37
4843, 0.27
4844, 0.37
4845, 0.40
4846, 0.37
4847, 0.37
4848, 0.37
4849, 0.40
4850, 0.37
4851, 0.30
4852, 0.40
4853, 0.37
4854, 0.40
4855, 0.23
4856, 0.30
4857, 0.40
4858, 0.37
4859, 0.33
4860, 0.37
4861, 0.37
4862, 0.43
4863, 0.40
4864, 0.33
4865, 0.37
4866, 0.33
4867, 0.33
4868, 0.33
4869, 0.43
4870, 0.40
4871, 0.43
4872, 0.33
4873, 0.37
4874, 0.40
4875, 0.40
4876, 0.37
4877, 0.37
4878, 0.33
4879, 0.37
4880, 0.27
4881, 0.37
4882, 0.40
4883, 0.37
4884, 0.33
4885, 0.40
4886, 0.37
4887, 0.40
4888, 0.33
4889, 0.37
4890, 0.40
4891, 0.40
4892, 0.43
4893, 0.43
4894, 0.33
4895, 0.33
4896, 0.43
4897, 0.37
4898, 0.40
4899, 0.40
4900, 0.37
4901, 0.37
4902, 0.33
4903, 0.47
4904, 0.37
4905, 0.40
4906, 0.40
4907, 0.40
4908, 0.33
4909, 0.33
4910, 0.27
4911, 0.40
4912, 0.33
4913, 0.37
4914, 0.30
4915, 0.37
4916, 0.43
4917, 0.40
4918, 0.33
4919, 0.40
4920, 0.40
4921, 0.30
4922, 0.43
4923, 0.37
4924, 0.33
4925, 0.37
4926, 0.33
4927, 0.33
4928, 0.37
4929, 0.33
4930, 0.30
4931, 0.40
4932, 0.33
4933, 0.40
4934, 0.40
4935, 0.33
4936, 0.33
4937, 0.40
4938, 0.27
4939, 0.37
4940, 0.33
4941, 0.37
4942, 0.37
4943, 0.33
4944, 0.40
4945, 0.37
4946, 0.33
4947, 0.30
4948, 0.43
4949, 0.40
4950, 0.33
4951, 0.37
4952, 0.37
4953, 0.40
4954, 0.37
4955, 0.40
4956, 0.47
4957, 0.37
4958, 0.40
4959, 0.40
4960, 0.37
4961, 0.37
4962, 0.40
4963, 0.40
4964, 0.40
4965, 0.33
4966, 0.37
4967, 0.33
4968, 0.40
4969, 0.40
4970, 0.37
4971, 0.40
4972, 0.37
4973, 0.37
4974, 0.43
4975, 0.40
4976, 0.30
4977, 0.33
4978, 0.40
4979, 0.37
4980, 0.40
4981, 0.33
4982, 0.37
4983, 0.37
4984, 0.37
4985, 0.40
4986, 0.40
4987, 0.37
4988, 0.37
4989, 0.37
4990, 0.37
4991, 0.40
4992, 0.37
4993, 0.37
4994, 0.33
4995, 0.43
4996, 0.43
4997, 0.37
4998, 0.40
4999, 0.30
5000, 0.37
5001, 0.33
5002, 0.47
5003, 0.40
5004, 0.37
5005, 0.37
5006, 0.37
5007, 0.40
5008, 0.43
5009, 0.43
5010, 0.40
5011, 0.37
5012, 0.37
5013, 0.33
5014, 0.30
5015, 0.43
5016, 0.30
5017, 0.37
5018, 0.40
5019, 0.37
5020, 0.37
5021, 0.37
5022, 0.43
5023, 0.37
5024, 0.47
5025, 0.43
5026, 0.43
5027, 0.37
5028, 0.33
5029, 0.40
5030, 0.37
5031, 0.37
5032, 0.47
5033, 0.40
5034, 0.37
5035, 0.37
5036, 0.37
5037, 0.37
5038, 0.33
5039, 0.37
5040, 0.40
5041, 0.37
5042, 0.40
5043, 0.37
5044, 0.37
5045, 0.33
5046, 0.37
5047, 0.33
5048, 0.27
5049, 0.43
5050, 0.47
5051, 0.37
5052, 0.43
5053, 0.40
5054, 0.40
5055, 0.40
5056, 0.33
5057, 0.37
5058, 0.40
5059, 0.33
5060, 0.40
5061, 0.37
5062, 0.33
5063, 0.43
5064, 0.33
5065, 0.33
5066, 0.37
5067, 0.37
5068, 0.40
5069, 0.43
5070, 0.37
5071, 0.37
5072, 0.33
5073, 0.47
5074, 0.40
5075, 0.47
5076, 0.40
5077, 0.43
5078, 0.37
5079, 0.33
5080, 0.37
5081, 0.43
5082, 0.37
5083, 0.37
5084, 0.43
5085, 0.33
5086, 0.43
5087, 0.30
5088, 0.43
5089, 0.37
5090, 0.37
5091, 0.47
5092, 0.40
5093, 0.50
5094, 0.37
5095, 0.37
5096, 0.37
5097, 0.37
5098, 0.37
5099, 0.43
5100, 0.40
5101, 0.33
5102, 0.40
5103, 0.50
5104, 0.47
5105, 0.37
5106, 0.40
5107, 0.37
5108, 0.40
5109, 0.33
5110, 0.37
5111, 0.37
5112, 0.43
5113, 0.40
5114, 0.40
5115, 0.37
5116, 0.40
5117, 0.37
5118, 0.37
5119, 0.30
5120, 0.37
5121, 0.37
5122, 0.47
5123, 0.37
5124, 0.33
5125, 0.37
5126, 0.33
5127, 0.43
5128, 0.40
5129, 0.33
5130, 0.33
5131, 0.33
5132, 0.40
5133, 0.43
5134, 0.40
5135, 0.37
5136, 0.33
5137, 0.40
5138, 0.43
5139, 0.37
5140, 0.30
5141, 0.37
5142, 0.43
5143, 0.33
5144, 0.40
5145, 0.43
5146, 0.37
5147, 0.37
5148, 0.47
5149, 0.40
5150, 0.37
5151, 0.30
5152, 0.37
5153, 0.43
5154, 0.30
5155, 0.30
5156, 0.37
5157, 0.37
5158, 0.37
5159, 0.40
5160, 0.30
5161, 0.40
5162, 0.40
5163, 0.27
5164, 0.33
5165, 0.33
5166, 0.37
5167, 0.40
5168, 0.40
5169, 0.33
5170, 0.40
5171, 0.47
5172, 0.33
5173, 0.47
5174, 0.40
5175, 0.40
5176, 0.33
5177, 0.40
5178, 0.40
5179, 0.33
5180, 0.40
5181, 0.37
5182, 0.33
5183, 0.40
5184, 0.37
5185, 0.37
5186, 0.43
5187, 0.33
5188, 0.33
5189, 0.37
5190, 0.37
5191, 0.37
5192, 0.47
5193, 0.30
5194, 0.33
5195, 0.43
5196, 0.40
5197, 0.37
5198, 0.33
5199, 0.43
5200, 0.43
5201, 0.40
5202, 0.40
5203, 0.33
5204, 0.30
5205, 0.40
5206, 0.43
5207, 0.37
5208, 0.33
5209, 0.43
5210, 0.37
5211, 0.37
5212, 0.33
5213, 0.43
5214, 0.33
5215, 0.33
5216, 0.30
5217, 0.30
5218, 0.37
5219, 0.43
5220, 0.37
5221, 0.37
5222, 0.40
5223, 0.30
5224, 0.47
5225, 0.37
5226, 0.40
5227, 0.33
5228, 0.30
5229, 0.37
5230, 0.43
5231, 0.43
5232, 0.33
5233, 0.40
5234, 0.33
5235, 0.33
5236, 0.37
5237, 0.33
5238, 0.40
5239, 0.30
5240, 0.37
5241, 0.37
5242, 0.33
5243, 0.30
5244, 0.33
5245, 0.37
5246, 0.43
5247, 0.33
5248, 0.40
5249, 0.37
5250, 0.37
5251, 0.33
5252, 0.40
5253, 0.40
5254, 0.37
5255, 0.37
5256, 0.40
5257, 0.37
5258, 0.33
5259, 0.33
5260, 0.37
5261, 0.37
5262, 0.43
5263, 0.40
5264, 0.40
5265, 0.33
5266, 0.37
5267, 0.40
5268, 0.40
5269, 0.33
5270, 0.40
5271, 0.40
5272, 0.40
5273, 0.43
5274, 0.40
5275, 0.37
5276, 0.40
5277, 0.37
5278, 0.37
5279, 0.40
5280, 0.33
5281, 0.40
5282, 0.33
5283, 0.37
5284, 0.27
5285, 0.33
5286, 0.37
5287, 0.40
5288, 0.40
5289, 0.37
5290, 0.40
5291, 0.37
5292, 0.33
5293, 0.40
5294, 0.37
5295, 0.27
5296, 0.33
5297, 0.30
5298, 0.30
5299, 0.47
5300, 0.43
5301, 0.37
5302, 0.33
5303, 0.37
5304, 0.33
5305, 0.33
5306, 0.40
5307, 0.43
5308, 0.37
5309, 0.40
5310, 0.33
5311, 0.40
5312, 0.30
5313, 0.37
5314, 0.30
5315, 0.37
5316, 0.37
5317, 0.43
5318, 0.37
5319, 0.37
5320, 0.43
5321, 0.43
5322, 0.33
5323, 0.40
5324, 0.37
5325, 0.50
5326, 0.37
5327, 0.43
5328, 0.33
5329, 0.30
5330, 0.43
5331, 0.47
5332, 0.37
5333, 0.40
5334, 0.47
5335, 0.40
5336, 0.33
5337, 0.40
5338, 0.37
5339, 0.37
5340, 0.47
5341, 0.37
5342, 0.37
5343, 0.40
5344, 0.37
5345, 0.37
5346, 0.33
5347, 0.33
5348, 0.47
5349, 0.37
5350, 0.40
5351, 0.33
5352, 0.33
5353, 0.37
5354, 0.43
5355, 0.33
5356, 0.43
5357, 0.33
5358, 0.37
5359, 0.43
5360, 0.40
5361, 0.40
5362, 0.40
5363, 0.37
5364, 0.37
5365, 0.27
5366, 0.37
5367, 0.33
5368, 0.30
5369, 0.37
5370, 0.43
5371, 0.33
5372, 0.37
5373, 0.37
5374, 0.33
5375, 0.37
5376, 0.33
5377, 0.33
5378, 0.40
5379, 0.47
5380, 0.40
5381, 0.37
5382, 0.40
5383, 0.30
5384, 0.40
5385, 0.40
5386, 0.37
5387, 0.37
5388, 0.33
5389, 0.33
5390, 0.37
5391, 0.33
5392, 0.33
5393, 0.47
5394, 0.37
5395, 0.33
5396, 0.40
5397, 0.33
5398, 0.30
5399, 0.37
5400, 0.40
5401, 0.30
5402, 0.40
5403, 0.33
5404, 0.40
5405, 0.37
5406, 0.47
5407, 0.33
5408, 0.40
5409, 0.40
5410, 0.30
5411, 0.37
5412, 0.37
5413, 0.37
5414, 0.37
5415, 0.43
5416, 0.30
5417, 0.33
5418, 0.40
5419, 0.37
5420, 0.37
5421, 0.37
5422, 0.43
5423, 0.43
5424, 0.30
5425, 0.43
5426, 0.37
5427, 0.30
5428, 0.43
5429, 0.37
5430, 0.37
5431, 0.33
5432, 0.27
5433, 0.30
5434, 0.40
5435, 0.40
5436, 0.40
5437, 0.37
5438, 0.43
5439, 0.40
5440, 0.40
5441, 0.33
5442, 0.40
5443, 0.40
5444, 0.37
5445, 0.33
5446, 0.33
5447, 0.40
5448, 0.33
5449, 0.40
5450, 0.37
5451, 0.30
5452, 0.30
5453, 0.33
5454, 0.43
5455, 0.43
5456, 0.43
5457, 0.40
5458, 0.37
5459, 0.30
5460, 0.33
5461, 0.33
5462, 0.30
5463, 0.40
5464, 0.43
5465, 0.40
5466, 0.40
5467, 0.33
5468, 0.30
5469, 0.40
5470, 0.37
5471, 0.30
5472, 0.37
5473, 0.43
5474, 0.37
5475, 0.40
5476, 0.40
5477, 0.37
5478, 0.37
5479, 0.40
5480, 0.40
5481, 0.37
5482, 0.37
5483, 0.33
5484, 0.40
5485, 0.33
5486, 0.33
5487, 0.40
5488, 0.33
5489, 0.37
5490, 0.40
5491, 0.33
5492, 0.40
5493, 0.37
5494, 0.37
5495, 0.47
5496, 0.37
5497, 0.37
5498, 0.37
5499, 0.40
5500, 0.30
5501, 0.37
5502, 0.47
5503, 0.43
5504, 0.40
5505, 0.33
5506, 0.40
5507, 0.37
5508, 0.40
5509, 0.40
5510, 0.37
5511, 0.37
5512, 0.37
5513, 0.40
5514, 0.40
5515, 0.33
5516, 0.43
5517, 0.40
5518, 0.33
5519, 0.30
5520, 0.37
5521, 0.33
5522, 0.47
5523, 0.37
5524, 0.37
5525, 0.33
5526, 0.33
5527, 0.43
5528, 0.37
5529, 0.37
5530, 0.40
5531, 0.33
5532, 0.40
5533, 0.43
5534, 0.27
5535, 0.43
5536, 0.40
5537, 0.33
5538, 0.33
5539, 0.37
5540, 0.37
5541, 0.30
5542, 0.47
5543, 0.43
5544, 0.40
5545, 0.30
5546, 0.43
5547, 0.33
5548, 0.37
5549, 0.37
5550, 0.50
5551, 0.37
5552, 0.37
5553, 0.33
5554, 0.33
5555, 0.40
5556, 0.40
5557, 0.40
5558, 0.37
5559, 0.37
5560, 0.33
5561, 0.27
5562, 0.33
5563, 0.37
5564, 0.43
5565, 0.33
5566, 0.40
5567, 0.30
5568, 0.37
5569, 0.43
5570, 0.33
5571, 0.33
5572, 0.50
5573, 0.43
5574, 0.40
5575, 0.40
5576, 0.37
5577, 0.37
5578, 0.30
5579, 0.37
5580, 0.43
5581, 0.30
5582, 0.37
5583, 0.50
5584, 0.30
5585, 0.33
5586, 0.37
5587, 0.30
5588, 0.33
5589, 0.40
5590, 0.33
5591, 0.37
5592, 0.33
5593, 0.43
5594, 0.40
5595, 0.30
5596, 0.43
5597, 0.33
5598, 0.37
5599, 0.43
5600, 0.30
5601, 0.40
5602, 0.40
5603, 0.40
5604, 0.33
5605, 0.40
5606, 0.30
5607, 0.40
5608, 0.33
5609, 0.43
5610, 0.37
5611, 0.43
5612, 0.40
5613, 0.40
5614, 0.33
5615, 0.37
5616, 0.43
5617, 0.40
5618, 0.40
5619, 0.37
5620, 0.37
5621, 0.37
5622, 0.37
5623, 0.37
5624, 0.37
5625, 0.37
5626, 0.43
5627, 0.40
5628, 0.40
5629, 0.37
5630, 0.37
5631, 0.43
5632, 0.40
5633, 0.43
5634, 0.33
5635, 0.37
5636, 0.37
5637, 0.43
5638, 0.37
5639, 0.37
5640, 0.40
5641, 0.43
5642, 0.40
5643, 0.37
5644, 0.40
5645, 0.43
5646, 0.37
5647, 0.27
5648, 0.43
5649, 0.27
5650, 0.37
5651, 0.40
5652, 0.37
5653, 0.30
5654, 0.40
5655, 0.37
5656, 0.43
5657, 0.43
5658, 0.40
5659, 0.40
5660, 0.37
5661, 0.37
5662, 0.40
5663, 0.33
5664, 0.40
5665, 0.40
5666, 0.37
5667, 0.40
5668, 0.37
5669, 0.33
5670, 0.37
5671, 0.37
5672, 0.40
5673, 0.33
5674, 0.33
5675, 0.43
5676, 0.33
5677, 0.33
5678, 0.40
5679, 0.37
5680, 0.43
5681, 0.40
5682, 0.43
5683, 0.37
5684, 0.37
5685, 0.37
5686, 0.33
5687, 0.37
5688, 0.43
5689, 0.37
5690, 0.40
5691, 0.43
5692, 0.40
5693, 0.37
5694, 0.40
5695, 0.37
5696, 0.33
5697, 0.40
5698, 0.33
5699, 0.33
5700, 0.43
5701, 0.40
5702, 0.43
5703, 0.37
5704, 0.37
5705, 0.40
5706, 0.33
5707, 0.37
5708, 0.33
5709, 0.40
5710, 0.37
5711, 0.43
5712, 0.43
5713, 0.43
5714, 0.33
5715, 0.37
5716, 0.33
5717, 0.40
5718, 0.30
5719, 0.27
5720, 0.43
5721, 0.37
5722, 0.37
5723, 0.43
5724, 0.43
5725, 0.43
5726, 0.37
5727, 0.37
5728, 0.30
5729, 0.40
5730, 0.37
5731, 0.33
5732, 0.40
5733, 0.37
5734, 0.33
5735, 0.37
5736, 0.43
5737, 0.33
5738, 0.33
5739, 0.37
5740, 0.43
5741, 0.37
5742, 0.40
5743, 0.37
5744, 0.47
5745, 0.43
5746, 0.43
5747, 0.40
5748, 0.30
5749, 0.40
5750, 0.30
5751, 0.37
5752, 0.33
5753, 0.43
5754, 0.33
5755, 0.40
5756, 0.37
5757, 0.37
5758, 0.40
5759, 0.37
5760, 0.30
5761, 0.43
5762, 0.40
5763, 0.33
5764, 0.37
5765, 0.37
5766, 0.40
5767, 0.40
5768, 0.40
5769, 0.43
5770, 0.40
5771, 0.40
5772, 0.37
5773, 0.43
5774, 0.40
5775, 0.40
5776, 0.40
5777, 0.37
5778, 0.40
5779, 0.33
5780, 0.40
5781, 0.33
5782, 0.43
5783, 0.33
5784, 0.27
5785, 0.30
5786, 0.30
5787, 0.40
5788, 0.40
5789, 0.37
5790, 0.37
5791, 0.30
5792, 0.43
5793, 0.43
5794, 0.37
5795, 0.50
5796, 0.33
5797, 0.43
5798, 0.40
5799, 0.33
5800, 0.40
5801, 0.37
5802, 0.43
5803, 0.33
5804, 0.37
5805, 0.37
5806, 0.37
5807, 0.30
5808, 0.40
5809, 0.37
5810, 0.40
5811, 0.30
5812, 0.40
5813, 0.37
5814, 0.40
5815, 0.37
5816, 0.40
5817, 0.37
5818, 0.33
5819, 0.43
5820, 0.37
5821, 0.37
5822, 0.37
5823, 0.37
5824, 0.40
5825, 0.37
5826, 0.40
5827, 0.37
5828, 0.40
5829, 0.30
5830, 0.37
5831, 0.37
5832, 0.47
5833, 0.30
5834, 0.47
5835, 0.40
5836, 0.33
5837, 0.40
5838, 0.40
5839, 0.33
5840, 0.43
5841, 0.43
5842, 0.37
5843, 0.40
5844, 0.40
5845, 0.40
5846, 0.37
5847, 0.33
5848, 0.40
5849, 0.40
5850, 0.37
5851, 0.40
5852, 0.40
5853, 0.37
5854, 0.37
5855, 0.37
5856, 0.40
5857, 0.40
5858, 0.37
5859, 0.43
5860, 0.40
5861, 0.43
5862, 0.40
5863, 0.30
5864, 0.37
5865, 0.37
5866, 0.30
5867, 0.33
5868, 0.43
5869, 0.37
5870, 0.37
5871, 0.40
5872, 0.30
5873, 0.30
5874, 0.33
5875, 0.37
5876, 0.37
5877, 0.33
5878, 0.33
5879, 0.30
5880, 0.37
5881, 0.37
5882, 0.37
5883, 0.40
5884, 0.40
5885, 0.30
5886, 0.40
5887, 0.40
5888, 0.37
5889, 0.43
5890, 0.33
5891, 0.40
5892, 0.37
5893, 0.33
5894, 0.33
5895, 0.33
5896, 0.43
5897, 0.30
5898, 0.37
5899, 0.37
5900, 0.47
5901, 0.40
5902, 0.37
5903, 0.33
5904, 0.40
5905, 0.43
5906, 0.30
5907, 0.40
5908, 0.27
5909, 0.33
5910, 0.33
5911, 0.33
5912, 0.30
5913, 0.33
5914, 0.37
5915, 0.37
5916, 0.27
5917, 0.37
5918, 0.33
5919, 0.37
5920, 0.33
5921, 0.40
5922, 0.37
5923, 0.33
5924, 0.33
5925, 0.40
5926, 0.37
5927, 0.43
5928, 0.30
5929, 0.40
5930, 0.37
5931, 0.40
5932, 0.33
5933, 0.40
5934, 0.33
5935, 0.40
5936, 0.37
5937, 0.30
5938, 0.37
5939, 0.40
5940, 0.40
5941, 0.40
5942, 0.40
5943, 0.40
5944, 0.37
5945, 0.37
5946, 0.37
5947, 0.33
5948, 0.40
5949, 0.37
5950, 0.37
5951, 0.40
5952, 0.43
5953, 0.37
5954, 0.47
5955, 0.37
5956, 0.40
5957, 0.37
5958, 0.43
5959, 0.33
5960, 0.30
5961, 0.37
5962, 0.37
5963, 0.40
5964, 0.33
5965, 0.37
5966, 0.37
5967, 0.40
5968, 0.40
5969, 0.37
5970, 0.33
5971, 0.33
5972, 0.33
5973, 0.37
5974, 0.40
5975, 0.40
5976, 0.40
5977, 0.33
5978, 0.43
5979, 0.37
5980, 0.43
5981, 0.33
5982, 0.43
5983, 0.37
5984, 0.33
5985, 0.43
5986, 0.33
5987, 0.47
5988, 0.23
5989, 0.27
5990, 0.40
5991, 0.40
5992, 0.40
5993, 0.33
5994, 0.37
5995, 0.43
5996, 0.43
5997, 0.37
5998, 0.30
5999, 0.37
6000, 0.37
6001, 0.37
6002, 0.37
6003, 0.43
6004, 0.43
6005, 0.37
6006, 0.33
6007, 0.33
6008, 0.33
6009, 0.37
6010, 0.33
6011, 0.33
6012, 0.40
6013, 0.37
6014, 0.47
6015, 0.37
6016, 0.37
6017, 0.30
6018, 0.40
6019, 0.43
6020, 0.37
6021, 0.37
6022, 0.30
6023, 0.40
6024, 0.50
6025, 0.30
6026, 0.40
6027, 0.37
6028, 0.40
6029, 0.33
6030, 0.43
6031, 0.37
6032, 0.37
6033, 0.43
6034, 0.33
6035, 0.27
6036, 0.37
6037, 0.37
6038, 0.33
6039, 0.33
6040, 0.37
6041, 0.37
6042, 0.33
6043, 0.37
6044, 0.37
6045, 0.43
6046, 0.43
6047, 0.37
6048, 0.37
6049, 0.33
6050, 0.33
6051, 0.43
6052, 0.33
6053, 0.37
6054, 0.40
6055, 0.27
6056, 0.40
6057, 0.37
6058, 0.40
6059, 0.37
6060, 0.43
6061, 0.30
6062, 0.33
6063, 0.37
6064, 0.37
6065, 0.33
6066, 0.30
6067, 0.40
6068, 0.30
6069, 0.37
6070, 0.33
6071, 0.37
6072, 0.40
6073, 0.47
6074, 0.33
6075, 0.37
6076, 0.33
6077, 0.37
6078, 0.37
6079, 0.37
6080, 0.40
6081, 0.43
6082, 0.37
6083, 0.37
6084, 0.40
6085, 0.40
6086, 0.33
6087, 0.37
6088, 0.37
6089, 0.37
6090, 0.43
6091, 0.40
6092, 0.37
6093, 0.40
6094, 0.30
6095, 0.43
6096, 0.40
6097, 0.40
6098, 0.40
6099, 0.40
6100, 0.33
6101, 0.33
6102, 0.33
6103, 0.37
6104, 0.40
6105, 0.37
6106, 0.40
6107, 0.43
6108, 0.30
6109, 0.30
6110, 0.37
6111, 0.37
6112, 0.40
6113, 0.37
6114, 0.43
6115, 0.37
6116, 0.40
6117, 0.40
6118, 0.40
6119, 0.40
6120, 0.33
6121, 0.47
6122, 0.33
6123, 0.30
6124, 0.37
6125, 0.37
6126, 0.40
6127, 0.40
6128, 0.33
6129, 0.37
6130, 0.40
6131, 0.33
6132, 0.33
6133, 0.43
6134, 0.37
6135, 0.27
6136, 0.33
6137, 0.37
6138, 0.40
6139, 0.30
6140, 0.37
6141, 0.37
6142, 0.40
6143, 0.37
6144, 0.37
6145, 0.37
6146, 0.37
6147, 0.37
6148, 0.33
6149, 0.37
6150, 0.33
6151, 0.40
6152, 0.40
6153, 0.40
6154, 0.33
6155, 0.43
6156, 0.37
6157, 0.37
6158, 0.30
6159, 0.37
6160, 0.33
6161, 0.27
6162, 0.47
6163, 0.40
6164, 0.40
6165, 0.37
6166, 0.37
6167, 0.43
6168, 0.40
6169, 0.27
6170, 0.30
6171, 0.37
6172, 0.43
6173, 0.37
6174, 0.27
6175, 0.37
6176, 0.33
6177, 0.40
6178, 0.37
6179, 0.37
6180, 0.40
6181, 0.33
6182, 0.40
6183, 0.40
6184, 0.37
6185, 0.37
6186, 0.40
6187, 0.37
6188, 0.37
6189, 0.33
6190, 0.37
6191, 0.43
6192, 0.37
6193, 0.37
6194, 0.37
6195, 0.30
6196, 0.33
6197, 0.43
6198, 0.43
6199, 0.40
6200, 0.33
6201, 0.33
6202, 0.33
6203, 0.37
6204, 0.37
6205, 0.40
6206, 0.37
6207, 0.43
6208, 0.43
6209, 0.37
6210, 0.33
6211, 0.40
6212, 0.30
6213, 0.37
6214, 0.37
6215, 0.33
6216, 0.40
6217, 0.47
6218, 0.37
6219, 0.37
6220, 0.30
6221, 0.43
6222, 0.40
6223, 0.33
6224, 0.30
6225, 0.40
6226, 0.40
6227, 0.40
6228, 0.40
6229, 0.37
6230, 0.40
6231, 0.40
6232, 0.37
6233, 0.33
6234, 0.37
6235, 0.27
6236, 0.37
6237, 0.30
6238, 0.37
6239, 0.33
6240, 0.30
6241, 0.37
6242, 0.30
6243, 0.37
6244, 0.47
6245, 0.30
6246, 0.43
6247, 0.43
6248, 0.37
6249, 0.40
6250, 0.40
6251, 0.30
6252, 0.43
6253, 0.40
6254, 0.37
6255, 0.30
6256, 0.33
6257, 0.43
6258, 0.40
6259, 0.37
6260, 0.37
6261, 0.33
6262, 0.40
6263, 0.33
6264, 0.37
6265, 0.27
6266, 0.43
6267, 0.37
6268, 0.43
6269, 0.37
6270, 0.37
6271, 0.33
6272, 0.37
6273, 0.37
6274, 0.37
6275, 0.37
6276, 0.47
6277, 0.37
6278, 0.43
6279, 0.40
6280, 0.40
6281, 0.37
6282, 0.40
6283, 0.30
6284, 0.37
6285, 0.40
6286, 0.33
6287, 0.33
6288, 0.37
6289, 0.40
6290, 0.33
6291, 0.40
6292, 0.33
6293, 0.33
6294, 0.37
6295, 0.30
6296, 0.30
6297, 0.40
6298, 0.40
6299, 0.33
6300, 0.30
6301, 0.40
6302, 0.33
6303, 0.50
6304, 0.37
6305, 0.33
6306, 0.37
6307, 0.43
6308, 0.40
6309, 0.37
6310, 0.33
6311, 0.40
6312, 0.37
6313, 0.43
6314, 0.33
6315, 0.40
6316, 0.37
6317, 0.40
6318, 0.40
6319, 0.30
6320, 0.37
6321, 0.40
6322, 0.37
6323, 0.37
6324, 0.43
6325, 0.40
6326, 0.37
6327, 0.30
6328, 0.27
6329, 0.37
6330, 0.37
6331, 0.30
6332, 0.33
6333, 0.33
6334, 0.37
6335, 0.40
6336, 0.30
6337, 0.33
6338, 0.37
6339, 0.47
6340, 0.33
6341, 0.40
6342, 0.37
6343, 0.37
6344, 0.40
6345, 0.30
6346, 0.43
6347, 0.33
6348, 0.37
6349, 0.43
6350, 0.37
6351, 0.40
6352, 0.40
6353, 0.40
6354, 0.33
6355, 0.33
6356, 0.33
6357, 0.37
6358, 0.40
6359, 0.40
6360, 0.40
6361, 0.40
6362, 0.40
6363, 0.37
6364, 0.30
6365, 0.40
6366, 0.33
6367, 0.37
6368, 0.37
6369, 0.33
6370, 0.37
6371, 0.40
6372, 0.27
6373, 0.33
6374, 0.37
6375, 0.43
6376, 0.30
6377, 0.40
6378, 0.43
6379, 0.37
6380, 0.30
6381, 0.37
6382, 0.40
6383, 0.30
6384, 0.30
6385, 0.43
6386, 0.47
6387, 0.30
6388, 0.40
6389, 0.37
6390, 0.43
6391, 0.43
6392, 0.30
6393, 0.37
6394, 0.43
6395, 0.37
6396, 0.37
6397, 0.40
6398, 0.43
6399, 0.40
6400, 0.47
6401, 0.37
6402, 0.37
6403, 0.37
6404, 0.30
6405, 0.40
6406, 0.40
6407, 0.30
6408, 0.37
6409, 0.40
6410, 0.37
6411, 0.37
6412, 0.37
6413, 0.37
6414, 0.33
6415, 0.33
6416, 0.37
6417, 0.40
6418, 0.40
6419, 0.43
6420, 0.40
6421, 0.33
6422, 0.37
6423, 0.40
6424, 0.37
6425, 0.37
6426, 0.43
6427, 0.40
6428, 0.37
6429, 0.47
6430, 0.50
6431, 0.33
6432, 0.43
6433, 0.37
6434, 0.40
6435, 0.30
6436, 0.37
6437, 0.37
6438, 0.37
6439, 0.37
6440, 0.30
6441, 0.33
6442, 0.43
6443, 0.37
6444, 0.37
6445, 0.30
6446, 0.37
6447, 0.40
6448, 0.40
6449, 0.40
6450, 0.40
6451, 0.50
6452, 0.40
6453, 0.33
6454, 0.40
6455, 0.30
6456, 0.37
6457, 0.37
6458, 0.40
6459, 0.43
6460, 0.40
6461, 0.50
6462, 0.37
6463, 0.47
6464, 0.37
6465, 0.40
6466, 0.37
6467, 0.40
6468, 0.30
6469, 0.43
6470, 0.40
6471, 0.37
6472, 0.37
6473, 0.30
6474, 0.40
6475, 0.33
6476, 0.37
6477, 0.37
6478, 0.30
6479, 0.30
6480, 0.37
6481, 0.37
6482, 0.33
6483, 0.33
6484, 0.37
6485, 0.33
6486, 0.37
6487, 0.33
6488, 0.30
6489, 0.40
6490, 0.40
6491, 0.30
6492, 0.27
6493, 0.40
6494, 0.37
6495, 0.37
6496, 0.43
6497, 0.30
6498, 0.33
6499, 0.43
6500, 0.40
6501, 0.37
6502, 0.33
6503, 0.33
6504, 0.33
6505, 0.37
6506, 0.37
6507, 0.37
6508, 0.40
6509, 0.33
6510, 0.33
6511, 0.33
6512, 0.37
6513, 0.47
6514, 0.47
6515, 0.37
6516, 0.37
6517, 0.33
6518, 0.43
6519, 0.30
6520, 0.30
6521, 0.40
6522, 0.33
6523, 0.33
6524, 0.27
6525, 0.43
6526, 0.40
6527, 0.40
6528, 0.40
6529, 0.40
6530, 0.37
6531, 0.33
6532, 0.37
6533, 0.33
6534, 0.40
6535, 0.37
6536, 0.33
6537, 0.33
6538, 0.43
6539, 0.47
6540, 0.43
6541, 0.40
6542, 0.27
6543, 0.40
6544, 0.37
6545, 0.33
6546, 0.40
6547, 0.33
6548, 0.40
6549, 0.43
6550, 0.43
6551, 0.40
6552, 0.30
6553, 0.33
6554, 0.30
6555, 0.33
6556, 0.40
6557, 0.43
6558, 0.43
6559, 0.37
6560, 0.30
6561, 0.40
6562, 0.40
6563, 0.43
6564, 0.30
6565, 0.40
6566, 0.37
6567, 0.37
6568, 0.33
6569, 0.37
6570, 0.33
6571, 0.37
6572, 0.30
6573, 0.33
6574, 0.37
6575, 0.33
6576, 0.33
6577, 0.40
6578, 0.47
6579, 0.40
6580, 0.33
6581, 0.37
6582, 0.40
6583, 0.40
6584, 0.40
6585, 0.37
6586, 0.33
6587, 0.37
6588, 0.40
6589, 0.37
6590, 0.37
6591, 0.37
6592, 0.40
6593, 0.37
6594, 0.23
6595, 0.40
6596, 0.37
6597, 0.33
6598, 0.30
6599, 0.40
6600, 0.43
6601, 0.43
6602, 0.40
6603, 0.37
6604, 0.37
6605, 0.37
6606, 0.33
6607, 0.40
6608, 0.37
6609, 0.43
6610, 0.33
6611, 0.37
6612, 0.33
6613, 0.33
6614, 0.43
6615, 0.40
6616, 0.33
6617, 0.40
6618, 0.37
6619, 0.37
6620, 0.40
6621, 0.33
6622, 0.40
6623, 0.37
6624, 0.33
6625, 0.37
6626, 0.40
6627, 0.37
6628, 0.30
6629, 0.37
6630, 0.37
6631, 0.37
6632, 0.33
6633, 0.40
6634, 0.33
6635, 0.40
6636, 0.40
6637, 0.30
6638, 0.37
6639, 0.33
6640, 0.40
6641, 0.40
6642, 0.40
6643, 0.33
6644, 0.33
6645, 0.33
6646, 0.30
6647, 0.30
6648, 0.33
6649, 0.33
6650, 0.43
6651, 0.43
6652, 0.40
6653, 0.37
6654, 0.30
6655, 0.33
6656, 0.40
6657, 0.40
6658, 0.40
6659, 0.40
6660, 0.33
6661, 0.37
6662, 0.30
6663, 0.40
6664, 0.33
6665, 0.43
6666, 0.37
6667, 0.43
6668, 0.33
6669, 0.33
6670, 0.37
6671, 0.33
6672, 0.43
6673, 0.43
6674, 0.40
6675, 0.43
6676, 0.40
6677, 0.30
6678, 0.37
6679, 0.40
6680, 0.33
6681, 0.40
6682, 0.37
6683, 0.40
6684, 0.37
6685, 0.40
6686, 0.37
6687, 0.37
6688, 0.33
6689, 0.33
6690, 0.33
6691, 0.40
6692, 0.40
6693, 0.40
6694, 0.43
6695, 0.40
6696, 0.37
6697, 0.40
6698, 0.33
6699, 0.33
6700, 0.47
6701, 0.33
6702, 0.40
6703, 0.37
6704, 0.37
6705, 0.37
6706, 0.37
6707, 0.33
6708, 0.33
6709, 0.43
6710, 0.37
6711, 0.37
6712, 0.30
6713, 0.40
6714, 0.40
6715, 0.37
6716, 0.43
6717, 0.37
6718, 0.37
6719, 0.40
6720, 0.37
6721, 0.37
6722, 0.27
6723, 0.33
6724, 0.43
6725, 0.37
6726, 0.37
6727, 0.23
6728, 0.40
6729, 0.37
6730, 0.40
6731, 0.37
6732, 0.37
6733, 0.33
6734, 0.40
6735, 0.37
6736, 0.43
6737, 0.40
6738, 0.40
6739, 0.37
6740, 0.47
6741, 0.50
6742, 0.40
6743, 0.37
6744, 0.37
6745, 0.40
6746, 0.37
6747, 0.40
6748, 0.40
6749, 0.27
6750, 0.40
6751, 0.37
6752, 0.30
6753, 0.33
6754, 0.27
6755, 0.30
6756, 0.30
6757, 0.30
6758, 0.30
6759, 0.30
6760, 0.33
6761, 0.37
6762, 0.33
6763, 0.37
6764, 0.33
6765, 0.40
6766, 0.33
6767, 0.40
6768, 0.33
6769, 0.47
6770, 0.30
6771, 0.33
6772, 0.47
6773, 0.43
6774, 0.33
6775, 0.40
6776, 0.40
6777, 0.43
6778, 0.33
6779, 0.30
6780, 0.37
6781, 0.47
6782, 0.33
6783, 0.37
6784, 0.47
6785, 0.33
6786, 0.40
6787, 0.37
6788, 0.40
6789, 0.43
6790, 0.30
6791, 0.40
6792, 0.37
6793, 0.37
6794, 0.37
6795, 0.40
6796, 0.43
6797, 0.40
6798, 0.50
6799, 0.37
6800, 0.30
6801, 0.30
6802, 0.37
6803, 0.33
6804, 0.40
6805, 0.40
6806, 0.33
6807, 0.40
6808, 0.33
6809, 0.43
6810, 0.43
6811, 0.47
6812, 0.37
6813, 0.33
6814, 0.40
6815, 0.43
6816, 0.27
6817, 0.33
6818, 0.27
6819, 0.37
6820, 0.30
6821, 0.40
6822, 0.37
6823, 0.40
6824, 0.40
6825, 0.47
6826, 0.40
6827, 0.37
6828, 0.40
6829, 0.40
6830, 0.37
6831, 0.43
6832, 0.47
6833, 0.37
6834, 0.40
6835, 0.27
6836, 0.40
6837, 0.33
6838, 0.40
6839, 0.37
6840, 0.37
6841, 0.40
6842, 0.40
6843, 0.33
6844, 0.37
6845, 0.40
6846, 0.33
6847, 0.40
6848, 0.40
6849, 0.47
6850, 0.40
6851, 0.30
6852, 0.40
6853, 0.33
6854, 0.37
6855, 0.37
6856, 0.37
6857, 0.37
6858, 0.40
6859, 0.37
6860, 0.40
6861, 0.37
6862, 0.37
6863, 0.37
6864, 0.43
6865, 0.33
6866, 0.37
6867, 0.47
6868, 0.40
6869, 0.40
6870, 0.37
6871, 0.43
6872, 0.40
6873, 0.37
6874, 0.43
6875, 0.40
6876, 0.40
6877, 0.37
6878, 0.37
6879, 0.40
6880, 0.37
6881, 0.30
6882, 0.33
6883, 0.40
6884, 0.33
6885, 0.30
6886, 0.37
6887, 0.43
6888, 0.47
6889, 0.37
6890, 0.33
6891, 0.43
6892, 0.43
6893, 0.37
6894, 0.40
6895, 0.43
6896, 0.37
6897, 0.33
6898, 0.43
6899, 0.37
6900, 0.33
6901, 0.30
6902, 0.33
6903, 0.47
6904, 0.37
6905, 0.37
6906, 0.43
6907, 0.37
6908, 0.37
6909, 0.33
6910, 0.37
6911, 0.43
6912, 0.37
6913, 0.37
6914, 0.40
6915, 0.37
6916, 0.37
6917, 0.37
6918, 0.37
6919, 0.43
6920, 0.37
6921, 0.40
6922, 0.33
6923, 0.40
6924, 0.33
6925, 0.33
6926, 0.40
6927, 0.37
6928, 0.33
6929, 0.43
6930, 0.37
6931, 0.43
6932, 0.37
6933, 0.37
6934, 0.30
6935, 0.40
6936, 0.40
6937, 0.37
6938, 0.40
6939, 0.33
6940, 0.43
6941, 0.40
6942, 0.37
6943, 0.30
6944, 0.40
6945, 0.33
6946, 0.33
6947, 0.37
6948, 0.40
6949, 0.37
6950, 0.37
6951, 0.47
6952, 0.43
6953, 0.37
6954, 0.33
6955, 0.40
6956, 0.37
6957, 0.33
6958, 0.37
6959, 0.33
6960, 0.43
6961, 0.40
6962, 0.40
6963, 0.30
6964, 0.33
6965, 0.33
6966, 0.33
6967, 0.33
6968, 0.40
6969, 0.27
6970, 0.33
6971, 0.40
6972, 0.40
6973, 0.33
6974, 0.37
6975, 0.37
6976, 0.33
6977, 0.33
6978, 0.37
6979, 0.37
6980, 0.40
6981, 0.33
6982, 0.43
6983, 0.33
6984, 0.37
6985, 0.37
6986, 0.33
6987, 0.43
6988, 0.37
6989, 0.40
6990, 0.33
6991, 0.33
6992, 0.40
6993, 0.33
6994, 0.40
6995, 0.43
6996, 0.40
6997, 0.40
6998, 0.43
6999, 0.37
7000, 0.33
7001, 0.43
7002, 0.33
7003, 0.40
7004, 0.33
7005, 0.47
7006, 0.43
7007, 0.37
7008, 0.37
7009, 0.37
7010, 0.40
7011, 0.30
7012, 0.40
7013, 0.40
7014, 0.40
7015, 0.47
7016, 0.33
7017, 0.33
7018, 0.37
7019, 0.43
7020, 0.37
7021, 0.33
7022, 0.33
7023, 0.37
7024, 0.37
7025, 0.37
7026, 0.40
7027, 0.33
7028, 0.47
7029, 0.43
7030, 0.37
7031, 0.37
7032, 0.43
7033, 0.37
7034, 0.30
7035, 0.30
7036, 0.43
7037, 0.37
7038, 0.43
7039, 0.40
7040, 0.30
7041, 0.27
7042, 0.33
7043, 0.47
7044, 0.43
7045, 0.37
7046, 0.40
7047, 0.37
7048, 0.37
7049, 0.43
7050, 0.40
7051, 0.33
7052, 0.40
7053, 0.47
7054, 0.40
7055, 0.40
7056, 0.43
7057, 0.40
7058, 0.40
7059, 0.40
7060, 0.33
7061, 0.37
7062, 0.47
7063, 0.27
7064, 0.37
7065, 0.37
7066, 0.37
7067, 0.40
7068, 0.30
7069, 0.37
7070, 0.43
7071, 0.47
7072, 0.37
7073, 0.37
7074, 0.30
7075, 0.33
7076, 0.43
7077, 0.37
7078, 0.33
7079, 0.40
7080, 0.37
7081, 0.40
7082, 0.33
7083, 0.33
7084, 0.40
7085, 0.37
7086, 0.43
7087, 0.33
7088, 0.40
7089, 0.40
7090, 0.33
7091, 0.40
7092, 0.33
7093, 0.37
7094, 0.40
7095, 0.40
7096, 0.43
7097, 0.33
7098, 0.47
7099, 0.30
7100, 0.40
7101, 0.40
7102, 0.40
7103, 0.30
7104, 0.37
7105, 0.40
7106, 0.33
7107, 0.40
7108, 0.40
7109, 0.40
7110, 0.47
7111, 0.43
7112, 0.30
7113, 0.33
7114, 0.43
7115, 0.33
7116, 0.43
7117, 0.33
7118, 0.43
7119, 0.37
7120, 0.37
7121, 0.30
7122, 0.33
7123, 0.33
7124, 0.40
7125, 0.33
7126, 0.37
7127, 0.40
7128, 0.33
7129, 0.33
7130, 0.37
7131, 0.40
7132, 0.33
7133, 0.33
7134, 0.30
7135, 0.37
7136, 0.33
7137, 0.33
7138, 0.33
7139, 0.40
7140, 0.37
7141, 0.40
7142, 0.30
7143, 0.40
7144, 0.43
7145, 0.33
7146, 0.40
7147, 0.37
7148, 0.37
7149, 0.40
7150, 0.37
7151, 0.43
7152, 0.30
7153, 0.37
7154, 0.37
7155, 0.30
7156, 0.30
7157, 0.40
7158, 0.40
7159, 0.40
7160, 0.33
7161, 0.37
7162, 0.43
7163, 0.33
7164, 0.33
7165, 0.43
7166, 0.37
7167, 0.33
7168, 0.40
7169, 0.53
7170, 0.37
7171, 0.37
7172, 0.47
7173, 0.33
7174, 0.33
7175, 0.37
7176, 0.43
7177, 0.37
7178, 0.30
7179, 0.43
7180, 0.37
7181, 0.40
7182, 0.30
7183, 0.30
7184, 0.30
7185, 0.40
7186, 0.30
7187, 0.33
7188, 0.43
7189, 0.40
7190, 0.40
7191, 0.37
7192, 0.33
7193, 0.37
7194, 0.37
7195, 0.37
7196, 0.40
7197, 0.37
7198, 0.40
7199, 0.37
7200, 0.40
7201, 0.37
7202, 0.33
7203, 0.33
7204, 0.33
7205, 0.43
7206, 0.33
7207, 0.43
7208, 0.37
7209, 0.30
7210, 0.47
7211, 0.30
7212, 0.37
7213, 0.37
7214, 0.40
7215, 0.27
7216, 0.33
7217, 0.40
7218, 0.40
7219, 0.37
7220, 0.37
7221, 0.40
7222, 0.43
7223, 0.37
7224, 0.40
7225, 0.43
7226, 0.40
7227, 0.37
7228, 0.30
7229, 0.40
7230, 0.33
7231, 0.33
7232, 0.37
7233, 0.47
7234, 0.40
7235, 0.40
7236, 0.40
7237, 0.40
7238, 0.37
7239, 0.40
7240, 0.27
7241, 0.37
7242, 0.40
7243, 0.33
7244, 0.37
7245, 0.27
7246, 0.37
7247, 0.43
7248, 0.33
7249, 0.43
7250, 0.37
7251, 0.37
7252, 0.33
7253, 0.37
7254, 0.40
7255, 0.37
7256, 0.47
7257, 0.37
7258, 0.40
7259, 0.30
7260, 0.47
7261, 0.37
7262, 0.37
7263, 0.37
7264, 0.40
7265, 0.37
7266, 0.43
7267, 0.43
7268, 0.33
7269, 0.33
7270, 0.40
7271, 0.37
7272, 0.37
7273, 0.37
7274, 0.37
7275, 0.43
7276, 0.37
7277, 0.37
7278, 0.33
7279, 0.40
7280, 0.40
7281, 0.33
7282, 0.43
7283, 0.37
7284, 0.33
7285, 0.37
7286, 0.37
7287, 0.43
7288, 0.37
7289, 0.40
7290, 0.33
7291, 0.30
7292, 0.47
7293, 0.40
7294, 0.37
7295, 0.27
7296, 0.37
7297, 0.37
7298, 0.43
7299, 0.33
7300, 0.40
7301, 0.43
7302, 0.40
7303, 0.37
7304, 0.37
7305, 0.37
7306, 0.37
7307, 0.40
7308, 0.37
7309, 0.40
7310, 0.37
7311, 0.30
7312, 0.30
7313, 0.40
7314, 0.30
7315, 0.37
7316, 0.30
7317, 0.33
7318, 0.30
7319, 0.40
7320, 0.37
7321, 0.40
7322, 0.37
7323, 0.30
7324, 0.40
7325, 0.40
7326, 0.37
7327, 0.37
7328, 0.37
7329, 0.40
7330, 0.37
7331, 0.43
7332, 0.43
7333, 0.37
7334, 0.40
7335, 0.40
7336, 0.43
7337, 0.37
7338, 0.37
7339, 0.43
7340, 0.33
7341, 0.43
7342, 0.33
7343, 0.40
7344, 0.33
7345, 0.37
7346, 0.37
7347, 0.37
7348, 0.37
7349, 0.40
7350, 0.30
7351, 0.43
7352, 0.37
7353, 0.40
7354, 0.40
7355, 0.40
7356, 0.40
7357, 0.37
7358, 0.33
7359, 0.40
7360, 0.30
7361, 0.40
7362, 0.37
7363, 0.40
7364, 0.43
7365, 0.37
7366, 0.37
7367, 0.43
7368, 0.37
7369, 0.37
7370, 0.47
7371, 0.40
7372, 0.30
7373, 0.43
7374, 0.30
7375, 0.40
7376, 0.43
7377, 0.47
7378, 0.40
7379, 0.43
7380, 0.33
7381, 0.30
7382, 0.37
7383, 0.30
7384, 0.33
7385, 0.40
7386, 0.37
7387, 0.40
7388, 0.47
7389, 0.40
7390, 0.40
7391, 0.33
7392, 0.40
7393, 0.30
7394, 0.43
7395, 0.40
7396, 0.40
7397, 0.43
7398, 0.33
7399, 0.37
7400, 0.37
7401, 0.33
7402, 0.37
7403, 0.33
7404, 0.30
7405, 0.33
7406, 0.37
7407, 0.40
7408, 0.40
7409, 0.37
7410, 0.43
7411, 0.33
7412, 0.37
7413, 0.40
7414, 0.37
7415, 0.37
7416, 0.33
7417, 0.40
7418, 0.33
7419, 0.37
7420, 0.33
7421, 0.37
